0	0	1	1
100000
20
0
0	0	1	1	
9	9	1	1	
5	5	1	0	
0	0	6	5	
1
0	0	6	5	
72	62	6	5	
43	40	6	3	
0	0	49	43	
2
0	0	49	43	
519	516	49	43	
312	317	33	31	
0	0	345	348	
3
0	0	345	348	
4272	4227	345	348	
2573	2588	241	254	
0	0	2814	2842	
4
0	0	2814	2842	
35452	35308	2814	2842	
21461	21341	2018	2022	
0	0	23479	23363	
5
0	0	23479	23363	
100000	100000	23479	23363	
60679	60669	16691	16688	
0	0	77370	77357	
6
0	0	77370	77357	
100000	100000	77370	77357	
60561	60594	55288	55208	
0	0	100000	100000	
7
0	0	100000	100000	
100000	100000	100000	100000	
60608	60594	71286	71344	
0	0	100000	100000	
8
0	0	100000	100000	
100000	100000	100000	100000	
60489	60597	71308	71605	
0	0	100000	100000	
9
0	0	100000	100000	
100000	100000	100000	100000	
60593	60648	71550	71285	
0	0	100000	100000	
10
0	0	100000	100000	
100000	100000	100000	100000	
60619	60599	71252	71486	
0	0	100000	100000	
11
0	0	100000	100000	
100000	100000	100000	100000	
60649	60592	71595	71503	
0	0	100000	100000	
12
0	0	100000	100000	
100000	100000	100000	100000	
60500	60574	71600	71494	
0	0	100000	100000	
13
0	0	100000	100000	
100000	100000	100000	100000	
60652	60595	71313	71354	
0	0	100000	100000	
14
0	0	100000	100000	
100000	100000	100000	100000	
60613	60601	71151	71429	
0	0	100000	100000	
15
0	0	100000	100000	
100000	100000	100000	100000	
60656	60660	70143	70075	
0	0	100000	100000	
16
0	0	100000	100000	
100000	100000	100000	100000	
60444	60604	66233	66105	
0	0	100000	100000	
17
0	0	100000	100000	
100000	100000	100000	100000	
60563	60721	61591	61717	
0	0	100000	100000	
18
0	0	100000	100000	
100000	100000	100000	100000	
60738	60600	57804	57716	
0	0	100000	100000	
19
0	0	100000	100000	
100000	100000	100000	100000	
60542	60549	53717	53677	
0	0	100000	100000	
