1	1	1	1
100000
20
0
1	1	1	1	
10	10	1	1	
6	6	1	0	
0	0	7	6	
1
0	0	7	6	
72	62	7	6	
44	40	7	4	
0	0	51	44	
2
0	0	51	44	
513	511	51	44	
310	314	36	32	
0	0	346	346	
3
0	0	346	346	
4269	4230	346	346	
2571	2591	242	250	
0	0	2813	2841	
4
0	0	2813	2841	
35442	35295	2813	2841	
21452	21333	2021	2013	
0	0	23473	23346	
5
0	0	23473	23346	
100000	100000	23473	23346	
60675	60669	16676	16685	
0	0	77351	77354	
6
0	0	77351	77354	
100000	100000	77351	77354	
60552	60609	55259	55214	
0	0	100000	100000	
7
0	0	100000	100000	
100000	100000	100000	100000	
60616	60586	71288	71344	
0	0	100000	100000	
8
0	0	100000	100000	
100000	100000	100000	100000	
60522	60575	71295	71616	
0	0	100000	100000	
9
0	0	100000	100000	
100000	100000	100000	100000	
60583	60648	71534	71312	
0	0	100000	100000	
10
0	0	100000	100000	
100000	100000	100000	100000	
60608	60613	71272	71496	
0	0	100000	100000	
11
0	0	100000	100000	
100000	100000	100000	100000	
60665	60575	71593	71506	
0	0	100000	100000	
12
0	0	100000	100000	
100000	100000	100000	100000	
60491	60559	71587	71489	
0	0	100000	100000	
13
0	0	100000	100000	
100000	100000	100000	100000	
60629	60615	71343	71364	
0	0	100000	100000	
14
0	0	100000	100000	
100000	100000	100000	100000	
60616	60601	71135	71439	
0	0	100000	100000	
15
0	0	100000	100000	
100000	100000	100000	100000	
60634	60707	70171	70060	
0	0	100000	100000	
16
0	0	100000	100000	
100000	100000	100000	100000	
60460	60587	66228	66102	
0	0	100000	100000	
17
0	0	100000	100000	
100000	100000	100000	100000	
60565	60699	61644	61721	
0	0	100000	100000	
18
0	0	100000	100000	
100000	100000	100000	100000	
60725	60591	57795	57736	
0	0	100000	100000	
19
0	0	100000	100000	
100000	100000	100000	100000	
60550	60555	53709	53679	
0	0	100000	100000	
