0	0	1	1
10000000
20
0
0	0	1	1	
9	9	1	1	
5	5	1	0	
0	0	6	5	
1
0	0	6	5	
72	62	6	5	
43	40	6	3	
0	0	49	43	
2
0	0	49	43	
519	516	49	43	
312	317	33	31	
0	0	345	348	
3
0	0	345	348	
4272	4227	345	348	
2573	2588	241	254	
0	0	2814	2842	
4
0	0	2814	2842	
35452	35308	2814	2842	
21461	21341	2018	2022	
0	0	23479	23363	
5
0	0	23479	23363	
291575	291444	23479	23363	
176800	176574	16710	16580	
0	0	193510	193154	
6
0	0	193510	193154	
2412563	2409840	193510	193154	
1462564	1460827	137981	138050	
0	0	1600545	1598877	
7
0	0	1600545	1598877	
10000000	10000000	1600545	1598877	
6060908	6059917	1143725	1142272	
0	0	7204633	7202189	
8
0	0	7204633	7202189	
10000000	10000000	7204633	7202189	
6060154	6060595	5148328	5144267	
0	0	10000000	10000000	
9
0	0	10000000	10000000	
10000000	10000000	10000000	10000000	
6060567	6061827	7143385	7142693	
0	0	10000000	10000000	
10
0	0	10000000	10000000	
10000000	10000000	10000000	10000000	
6061677	6060158	7142000	7143107	
0	0	10000000	10000000	
11
0	0	10000000	10000000	
10000000	10000000	10000000	10000000	
6061027	6060677	7142487	7141537	
0	0	10000000	10000000	
12
0	0	10000000	10000000	
10000000	10000000	10000000	10000000	
6062080	6060713	7143762	7143847	
0	0	10000000	10000000	
13
0	0	10000000	10000000	
10000000	10000000	10000000	10000000	
6061025	6060931	7143361	7142794	
0	0	10000000	10000000	
14
0	0	10000000	10000000	
10000000	10000000	10000000	10000000	
6061245	6058868	7142932	7142303	
0	0	10000000	10000000	
15
0	0	10000000	10000000	
10000000	10000000	10000000	10000000	
6059806	6061072	7140978	7142259	
0	0	10000000	10000000	
16
0	0	10000000	10000000	
10000000	10000000	10000000	10000000	
6060104	6060118	7131389	7132738	
0	0	10000000	10000000	
17
0	0	10000000	10000000	
10000000	10000000	10000000	10000000	
6059927	6060324	7050868	7050791	
0	0	10000000	10000000	
18
0	0	10000000	10000000	
10000000	10000000	10000000	10000000	
6059836	6060694	6683280	6683830	
0	0	10000000	10000000	
19
0	0	10000000	10000000	
10000000	10000000	10000000	10000000	
6060225	6061474	6235456	6236694	
0	0	10000000	10000000	
