disease ACTIVE
predator ACTIVE
0	0	1	1
10000000
30
0
0	0	1	1	
20	14	1	1	
10	8	0	1	
10	8	0	1	
4	3	0	0	
1
0	0	4	3	
34	25	4	3	
18	16	3	2	
18	16	3	2	
8	7	1	0	
2
0	0	9	7	
90	91	9	7	
52	53	6	4	
52	53	6	4	
23	23	2	1	
3
0	0	25	24	
340	346	25	24	
207	221	17	16	
207	221	17	16	
93	99	5	5	
4
0	0	98	104	
1233	1272	98	104	
746	765	71	73	
746	765	71	73	
335	344	24	25	
5
0	0	359	369	
4411	4510	359	369	
2669	2732	258	262	
2669	2732	258	262	
1201	1229	90	91	
6
0	0	1291	1320	
16149	16161	1291	1320	
9766	9718	928	944	
9766	9718	928	944	
4394	4373	324	330	
7
0	0	4718	4703	
58399	58915	4718	4703	
35376	35642	3354	3351	
35376	35642	3354	3351	
15919	16038	1173	1172	
8
0	0	17092	17210	
213264	212172	17092	17210	
129265	128621	12170	12270	
129265	128621	12170	12270	
58169	57879	4259	4294	
9
0	0	62428	62173	
777393	777603	62428	62173	
471226	471079	44616	44389	
471226	471079	44616	44389	
212051	211985	15615	15536	
10
0	0	227666	227521	
2838086	2838631	227666	227521	
1720919	1720214	162627	162465	
1720919	1720214	162627	162465	
774413	774096	56919	56862	
11
0	0	831332	830958	
10000000	10000000	831332	830958	
6061693	6060285	594141	593546	
3030846	3366825	594141	593546	
1363880	1515071	207949	207741	
12
0	0	1571829	1722812	
10000000	10000000	1571829	1722812	
6060101	6060053	1122757	1230634	
3030050	3366696	1122757	1230634	
1363522	1515013	392964	430721	
13
0	0	1756486	1945734	
10000000	10000000	1756486	1945734	
6060872	6059547	1254582	1390155	
3030436	3366415	1254582	1390155	
1363696	1514886	439103	486554	
14
0	0	1802799	2001440	
10000000	10000000	1802799	2001440	
6061133	6060726	1287836	1429364	
3030566	3367070	1287836	1429364	
1363754	1515181	450742	500277	
15
0	0	1814496	2015458	
10000000	10000000	1814496	2015458	
6061422	6060862	1295702	1439530	
3030711	3367145	1295702	1439530	
1363819	1515215	453495	503835	
16
0	0	1817314	2019050	
10000000	10000000	1817314	2019050	
6061028	6060127	1298535	1442603	
3030514	3366737	1298535	1442603	
1363731	1515031	454487	504911	
17
0	0	1818218	2019942	
10000000	10000000	1818218	2019942	
6059823	6060545	1298282	1442730	
3029911	3366969	1298282	1442730	
1363459	1515136	454398	504955	
18
0	0	1817857	2020091	
10000000	10000000	1817857	2020091	
6060612	6059438	1298099	1442277	
3030306	3366354	1298099	1442277	
1363637	1514859	454334	504796	
19
0	0	1817971	2019655	
10000000	10000000	1817971	2019655	
6061262	6061613	1297093	1441024	
3030631	3367562	1297093	1441024	
1363783	1515402	453982	504358	
20
0	0	1817765	2019760	
10000000	10000000	1817765	2019760	
6059990	6059688	1293033	1436478	
3029995	3366493	1293033	1436478	
1363497	1514921	452561	502767	
21
0	0	1816058	2017688	
10000000	10000000	1816058	2017688	
6058350	6060567	1276735	1420500	
3029175	3366981	1276735	1420500	
1363128	1515141	446857	497174	
22
0	0	1809985	2012315	
10000000	10000000	1809985	2012315	
6060976	6060431	1244268	1386030	
3030488	3366906	1244268	1386030	
1363719	1515107	435493	485110	
23
0	0	1799212	2000217	
10000000	10000000	1799212	2000217	
6060600	6060890	1204460	1342538	
3030300	3367161	1204460	1342538	
1363635	1515222	421561	469888	
24
0	0	1785196	1985110	
10000000	10000000	1785196	1985110	
6060977	6060042	1163708	1297089	
3030488	3366690	1163708	1297089	
1363719	1515010	407297	453981	
25
0	0	1771016	1968991	
10000000	10000000	1771016	1968991	
6060340	6060448	1119615	1248852	
3030170	3366915	1119615	1248852	
1363576	1515111	391865	437098	
26
0	0	1755441	1952209	
10000000	10000000	1755441	1952209	
6060942	6060707	1085689	1208077	
3030471	3367059	1085689	1208077	
1363711	1515176	379991	422826	
27
0	0	1743702	1938002	
10000000	10000000	1743702	1938002	
6061657	6060991	1082778	1203174	
3030828	3367217	1082778	1203174	
1363872	1515247	378972	421110	
28
0	0	1742844	1936357	
10000000	10000000	1742844	1936357	
6062422	6060678	1082007	1202386	
3031211	3367043	1082007	1202386	
1364044	1515169	378702	420835	
29
0	0	1742746	1936004	
10000000	10000000	1742746	1936004	
6061225	6060862	1082188	1202664	
3030612	3367145	1082188	1202664	
1363775	1515215	378765	420932	
