disease ACTIVE
predator ACTIVE
0	0	1	1
10000000
30
0
0	0	1	1	
19	8	1	1	
11	5	1	0	
11	5	1	0	
4	2	0	0	
1
0	0	4	2	
18	28	4	2	
10	18	2	1	
10	18	2	1	
4	8	0	0	
2
0	0	4	8	
46	50	4	8	
25	29	2	6	
25	29	2	6	
11	13	0	2	
3
0	0	11	15	
156	173	11	15	
94	109	6	11	
94	109	6	11	
42	49	2	3	
4
0	0	44	52	
484	546	44	52	
293	342	31	39	
293	342	31	39	
131	153	10	13	
5
0	0	141	166	
1737	1774	141	166	
1043	1084	105	118	
1043	1084	105	118	
469	487	36	41	
6
0	0	505	528	
6313	6328	505	528	
3806	3839	347	375	
3806	3839	347	375	
1712	1727	121	131	
7
0	0	1833	1858	
22588	22716	1833	1858	
13635	13714	1295	1324	
13635	13714	1295	1324	
6135	6171	453	463	
8
0	0	6588	6634	
82246	81587	6588	6634	
49837	49360	4744	4748	
49837	49360	4744	4748	
22426	22212	1660	1661	
9
0	0	24086	23873	
297559	298205	24086	23873	
180370	180812	17203	17061	
180370	180812	17203	17061	
81166	81365	6021	5971	
10
0	0	87187	87336	
1089938	1088313	87187	87336	
660951	659693	62373	62288	
660951	659693	62373	62288	
297427	296861	21830	21800	
11
0	0	319257	318661	
3979294	3979301	319257	318661	
2412171	2412212	228082	227519	
2412171	2412212	228082	227519	
1085476	1085495	79828	79631	
12
0	0	1165304	1165126	
10000000	10000000	1165304	1165126	
6060201	6060578	831880	832255	
3030100	3366987	831880	832255	
1363545	1515144	291158	291289	
13
0	0	1654703	1806433	
10000000	10000000	1654703	1806433	
6059826	6060797	1181829	1290029	
3029913	3367109	1181829	1290029	
1363460	1515199	413640	451510	
14
0	0	1777100	1966709	
10000000	10000000	1777100	1966709	
6061287	6060151	1269198	1404423	
3030643	3366750	1269198	1404423	
1363789	1515037	444219	491548	
15
0	0	1808008	2006585	
10000000	10000000	1808008	2006585	
6060133	6060224	1291219	1433725	
3030066	3366791	1291219	1433725	
1363529	1515055	451926	501803	
16
0	0	1815455	2016858	
10000000	10000000	1815455	2016858	
6059976	6060306	1296844	1440252	
3029988	3366836	1296844	1440252	
1363494	1515076	453895	504088	
17
0	0	1817389	2019164	
10000000	10000000	1817389	2019164	
6060934	6061370	1297979	1442495	
3030467	3367427	1297979	1442495	
1363710	1515342	454292	504873	
18
0	0	1818002	2020215	
10000000	10000000	1818002	2020215	
6060891	6059333	1298180	1442693	
3030445	3366296	1298180	1442693	
1363700	1514833	454363	504942	
19
0	0	1818063	2019775	
10000000	10000000	1818063	2019775	
6059546	6060774	1297355	1441835	
3029773	3367096	1297355	1441835	
1363397	1515193	454074	504642	
20
0	0	1817471	2019835	
10000000	10000000	1817471	2019835	
6061945	6059252	1295983	1440691	
3030972	3366251	1295983	1440691	
1363937	1514812	453594	504241	
21
0	0	1817531	2019053	
10000000	10000000	1817531	2019053	
6060634	6059836	1290179	1434566	
3030317	3366575	1290179	1434566	
1363642	1514958	451562	502098	
22
0	0	1815204	2017056	
10000000	10000000	1815204	2017056	
6061088	6061688	1267823	1412130	
3030544	3367604	1267823	1412130	
1363744	1515421	443738	494245	
23
0	0	1807482	2009666	
10000000	10000000	1807482	2009666	
6060348	6059976	1232115	1374466	
3030174	3366653	1232115	1374466	
1363578	1514993	431240	481063	
24
0	0	1794818	1996056	
10000000	10000000	1794818	1996056	
6060430	6060102	1192295	1329240	
3030215	3366723	1192295	1329240	
1363596	1515025	417303	465233	
25
0	0	1780899	1980258	
10000000	10000000	1780899	1980258	
6060348	6059794	1151233	1283865	
3030174	3366552	1151233	1283865	
1363578	1514948	402931	449352	
26
0	0	1766509	1964300	
10000000	10000000	1766509	1964300	
6061019	6059552	1105355	1232771	
3030509	3366417	1105355	1232771	
1363729	1514887	386874	431469	
27
0	0	1750603	1946356	
10000000	10000000	1750603	1946356	
6062231	6061062	1084740	1205539	
3031115	3367256	1084740	1205539	
1364001	1515265	379659	421938	
28
0	0	1743660	1937203	
10000000	10000000	1743660	1937203	
6062424	6060252	1082120	1202979	
3031212	3366806	1082120	1202979	
1364045	1515062	378742	421042	
29
0	0	1742787	1936104	
10000000	10000000	1742787	1936104	
6060157	6061217	1082511	1202344	
3030078	3367342	1082511	1202344	
1363535	1515303	378878	420820	
