disease ACTIVE
predator ACTIVE
0	0	1	1
10000000
30
0
0	0	1	1	
15	17	1	1	
9	11	1	1	
9	11	1	1	
4	4	0	0	
1
0	0	4	4	
55	57	4	4	
36	32	4	3	
36	32	4	3	
16	14	1	1	
2
0	0	17	15	
173	178	17	15	
109	106	11	12	
109	106	11	12	
49	47	3	4	
3
0	0	52	51	
693	701	52	51	
422	431	38	37	
422	431	38	37	
189	193	13	12	
4
0	0	202	205	
2361	2393	202	205	
1417	1444	145	147	
1417	1444	145	147	
637	649	50	51	
5
0	0	687	700	
8552	8646	687	700	
5183	5243	491	488	
5183	5243	491	488	
2332	2359	171	170	
6
0	0	2503	2529	
31367	31297	2503	2529	
18936	18973	1811	1787	
18936	18973	1811	1787	
8521	8537	633	625	
7
0	0	9154	9162	
114637	114990	9154	9162	
69470	69809	6544	6551	
69470	69809	6544	6551	
31261	31414	2290	2292	
8
0	0	33551	33706	
419665	417889	33551	33706	
254350	253167	23921	24057	
254350	253167	23921	24057	
114457	113925	8372	8419	
9
0	0	122829	122344	
1530297	1527806	122829	122344	
928145	926460	87927	87527	
928145	926460	87927	87527	
417665	416907	30774	30634	
10
0	0	448439	447541	
5587626	5588115	448439	447541	
3386085	3386882	320245	319640	
3386085	3386882	320245	319640	
1523738	1524096	112085	111874	
11
0	0	1635823	1635970	
10000000	10000000	1635823	1635970	
6061841	6061772	1168375	1168193	
3030920	3367651	1168375	1168193	
1363914	1515442	408931	408867	
12
0	0	1772845	1924309	
10000000	10000000	1772845	1924309	
6060523	6061695	1266509	1374185	
3030261	3367608	1266509	1374185	
1363617	1515423	443278	480964	
13
0	0	1806895	1996387	
10000000	10000000	1806895	1996387	
6060651	6060700	1290916	1426255	
3030325	3367055	1290916	1426255	
1363646	1515174	451820	499189	
14
0	0	1815466	2014363	
10000000	10000000	1815466	2014363	
6061654	6060043	1297263	1438994	
3030827	3366690	1297263	1438994	
1363872	1515010	454042	503647	
15
0	0	1817914	2018657	
10000000	10000000	1817914	2018657	
6060095	6060605	1298930	1442541	
3030047	3367002	1298930	1442541	
1363521	1515150	454625	504889	
16
0	0	1818146	2020039	
10000000	10000000	1818146	2020039	
6059572	6060620	1298509	1442969	
3029786	3367011	1298509	1442969	
1363403	1515154	454478	505039	
17
0	0	1817881	2020193	
10000000	10000000	1817881	2020193	
6060577	6060433	1298181	1442950	
3030288	3366907	1298181	1442950	
1363629	1515108	454363	505032	
18
0	0	1817992	2020140	
10000000	10000000	1817992	2020140	
6060586	6061220	1297398	1442211	
3030293	3367344	1297398	1442211	
1363631	1515304	454089	504773	
19
0	0	1817720	2020077	
10000000	10000000	1817720	2020077	
6060228	6059982	1295711	1440393	
3030114	3366656	1295711	1440393	
1363551	1514995	453498	504137	
20
0	0	1817049	2019132	
10000000	10000000	1817049	2019132	
6060612	6060469	1286786	1431526	
3030306	3366927	1286786	1431526	
1363637	1515117	450375	501034	
21
0	0	1814012	2016151	
10000000	10000000	1814012	2016151	
6060230	6061926	1254362	1400024	
3030115	3367736	1254362	1400024	
1363551	1515481	439026	490008	
22
0	0	1802577	2005489	
10000000	10000000	1802577	2005489	
6061275	6062094	1215015	1358061	
3030637	3367830	1215015	1358061	
1363786	1515523	425255	475321	
23
0	0	1789041	1990844	
10000000	10000000	1789041	1990844	
6060534	6060699	1175400	1313031	
3030267	3367055	1175400	1313031	
1363620	1515174	411390	459560	
24
0	0	1775010	1974734	
10000000	10000000	1775010	1974734	
6060630	6060527	1134359	1266796	
3030315	3366959	1134359	1266796	
1363641	1515131	397025	443378	
25
0	0	1760666	1958509	
10000000	10000000	1760666	1958509	
6060762	6060897	1087509	1213859	
3030381	3367165	1087509	1213859	
1363671	1515224	380628	424850	
26
0	0	1744299	1940074	
10000000	10000000	1744299	1940074	
6059893	6061923	1082957	1203978	
3029946	3367735	1082957	1203978	
1363475	1515480	379034	421392	
27
0	0	1742509	1936872	
10000000	10000000	1742509	1936872	
6060838	6060297	1082257	1202431	
3030419	3366831	1082257	1202431	
1363688	1515073	378789	420850	
28
0	0	1742477	1935923	
10000000	10000000	1742477	1935923	
6061124	6061352	1082348	1202654	
3030562	3367417	1082348	1202654	
1363752	1515337	378821	420928	
29
0	0	1742573	1936265	
10000000	10000000	1742573	1936265	
6059449	6061692	1081858	1202663	
3029724	3367606	1081858	1202663	
1363375	1515422	378650	420932	
