disease ACTIVE
predator ACTIVE
0	0	1	1
10000000
30
0
0	0	1	1	
8	7	1	1	
4	5	0	1	
4	5	0	1	
1	2	0	0	
1
0	0	1	2	
11	12	1	2	
6	7	1	2	
6	7	1	2	
2	3	0	0	
2
0	0	2	3	
35	37	2	3	
20	22	1	2	
20	22	1	2	
9	9	0	0	
3
0	0	9	9	
102	109	9	9	
60	70	5	7	
60	70	5	7	
27	31	1	2	
4
0	0	28	33	
377	353	28	33	
230	215	22	24	
230	215	22	24	
103	96	7	8	
5
0	0	110	104	
1269	1334	110	104	
771	814	75	79	
771	814	75	79	
346	366	26	27	
6
0	0	372	393	
4716	4663	372	393	
2874	2868	265	279	
2874	2868	265	279	
1293	1290	92	97	
7
0	0	1385	1387	
17415	17402	1385	1387	
10564	10566	1002	1003	
10564	10566	1002	1003	
4753	4754	350	351	
8
0	0	5103	5105	
64181	63740	5103	5105	
38890	38605	3637	3641	
38890	38605	3637	3641	
17500	17372	1272	1274	
9
0	0	18772	18646	
233617	232961	18772	18646	
141551	141368	13311	13271	
141551	141368	13311	13271	
63697	63615	4658	4644	
10
0	0	68355	68259	
852929	851508	68355	68259	
516568	515545	48725	48876	
516568	515545	48725	48876	
232455	231995	17053	17106	
11
0	0	249508	249101	
3107188	3110621	249508	249101	
1883179	1884858	178047	177811	
1883179	1884858	178047	177811	
847430	848186	62316	62233	
12
0	0	909746	910419	
10000000	10000000	909746	910419	
6062218	6061037	650305	649947	
3031109	3367242	650305	649947	
1363999	1515258	227606	227481	
13
0	0	1591605	1742739	
10000000	10000000	1591605	1742739	
6062008	6060983	1137307	1244724	
3031004	3367212	1137307	1244724	
1363951	1515245	398057	435653	
14
0	0	1762008	1950898	
10000000	10000000	1762008	1950898	
6061029	6060570	1259061	1392533	
3030514	3366983	1259061	1392533	
1363731	1515142	440671	487386	
15
0	0	1804402	2002528	
10000000	10000000	1804402	2002528	
6061116	6059808	1289136	1429942	
3030558	3366560	1289136	1429942	
1363751	1514952	451197	500479	
16
0	0	1814948	2015431	
10000000	10000000	1814948	2015431	
6060440	6061314	1296750	1439485	
3030220	3367396	1296750	1439485	
1363599	1515328	453862	503819	
17
0	0	1817461	2019147	
10000000	10000000	1817461	2019147	
6061586	6059627	1298676	1441868	
3030793	3366459	1298676	1441868	
1363856	1514906	454536	504653	
18
0	0	1818392	2019559	
10000000	10000000	1818392	2019559	
6060597	6060562	1298689	1442707	
3030298	3366978	1298689	1442707	
1363634	1515140	454541	504947	
19
0	0	1818175	2020087	
10000000	10000000	1818175	2020087	
6061153	6060134	1298294	1443401	
3030576	3366741	1298294	1443401	
1363759	1515033	454402	505190	
20
0	0	1818161	2020223	
10000000	10000000	1818161	2020223	
6062076	6060927	1297177	1441070	
3031038	3367181	1297177	1441070	
1363967	1515231	454011	504374	
21
0	0	1817978	2019605	
10000000	10000000	1817978	2019605	
6061927	6059989	1292274	1436439	
3030963	3366660	1292274	1436439	
1363933	1514997	452295	502753	
22
0	0	1816228	2017750	
10000000	10000000	1816228	2017750	
6062390	6060512	1274929	1418852	
3031195	3366951	1274929	1418852	
1364037	1515127	446225	496598	
23
0	0	1810262	2011725	
10000000	10000000	1810262	2011725	
6061219	6061802	1242893	1383262	
3030609	3367667	1242893	1383262	
1363774	1515450	435012	484141	
24
0	0	1798786	1999591	
10000000	10000000	1798786	1999591	
6060310	6061324	1201695	1339244	
3030155	3367402	1201695	1339244	
1363569	1515330	420593	468735	
25
0	0	1784162	1984065	
10000000	10000000	1784162	1984065	
6060010	6060412	1160574	1294252	
3030005	3366895	1160574	1294252	
1363502	1515102	406200	452988	
26
0	0	1769702	1968090	
10000000	10000000	1769702	1968090	
6059717	6060183	1116269	1244356	
3029858	3366768	1116269	1244356	
1363436	1515045	390694	435524	
27
0	0	1754130	1950569	
10000000	10000000	1754130	1950569	
6059924	6060745	1085477	1207340	
3029962	3367080	1085477	1207340	
1363482	1515186	379916	422569	
28
0	0	1743398	1937755	
10000000	10000000	1743398	1937755	
6061033	6059921	1082357	1203014	
3030516	3366622	1082357	1203014	
1363732	1514979	378824	421054	
29
0	0	1742556	1936033	
10000000	10000000	1742556	1936033	
6060562	6061138	1081928	1202040	
3030281	3367298	1081928	1202040	
1363626	1515284	378674	420714	
