disease ACTIVE
predator ACTIVE
0	0	1	1
10000000
30
0
0	0	1	1	
10	7	1	1	
7	4	1	0	
7	4	1	0	
3	1	0	0	
1
0	0	3	1	
14	16	3	1	
7	10	2	1	
7	10	2	1	
3	4	0	0	
2
0	0	3	4	
56	39	3	4	
34	23	2	2	
34	23	2	2	
15	10	0	0	
3
0	0	15	10	
124	105	15	10	
75	62	11	6	
75	62	11	6	
33	27	3	2	
4
0	0	36	29	
349	353	36	29	
213	206	25	20	
213	206	25	20	
95	92	8	7	
5
0	0	103	99	
1191	1190	103	99	
717	719	70	75	
717	719	70	75	
322	323	24	26	
6
0	0	346	349	
4294	4286	346	349	
2581	2607	250	245	
2581	2607	250	245	
1161	1173	87	85	
7
0	0	1248	1258	
15477	15325	1248	1258	
9418	9287	900	897	
9418	9287	900	897	
4238	4179	315	313	
8
0	0	4553	4492	
56218	56190	4553	4492	
34155	34063	3230	3185	
34155	34063	3230	3185	
15369	15328	1130	1114	
9
0	0	16499	16442	
204492	204799	16499	16442	
123770	123997	11779	11766	
123770	123997	11779	11766	
55696	55798	4122	4118	
10
0	0	59818	59916	
746905	746655	59818	59916	
452734	452349	42837	42784	
452734	452349	42837	42784	
203730	203557	14992	14974	
11
0	0	218722	218531	
2733032	2730238	218722	218531	
1656345	1654505	156377	155895	
1656345	1654505	156377	155895	
745355	744527	54731	54563	
12
0	0	800086	799090	
9972065	9976176	800086	799090	
6042997	6047232	571706	570600	
3021498	3359573	571706	570600	
1359674	1511807	200097	199710	
13
0	0	1559771	1711517	
10000000	10000000	1559771	1711517	
6060328	6060229	1114344	1222542	
3030164	3366793	1114344	1222542	
1363573	1515056	390020	427889	
14
0	0	1753593	1942945	
10000000	10000000	1753593	1942945	
6061967	6061633	1252425	1387821	
3030983	3367573	1252425	1387821	
1363942	1515407	438348	485737	
15
0	0	1802290	2001144	
10000000	10000000	1802290	2001144	
6061161	6060740	1286609	1429246	
3030580	3367077	1286609	1429246	
1363761	1515184	450313	500236	
16
0	0	1814074	2015420	
10000000	10000000	1814074	2015420	
6059781	6061287	1295560	1439216	
3029890	3367381	1295560	1439216	
1363450	1515321	453446	503725	
17
0	0	1816896	2019046	
10000000	10000000	1816896	2019046	
6060216	6060275	1298338	1441919	
3030108	3366819	1298338	1441919	
1363548	1515068	454418	504671	
18
0	0	1817966	2019739	
10000000	10000000	1817966	2019739	
6060155	6060174	1297777	1442775	
3030077	3366763	1297777	1442775	
1363534	1515043	454221	504971	
19
0	0	1817755	2020014	
10000000	10000000	1817755	2020014	
6060226	6061098	1298243	1442295	
3030113	3367276	1298243	1442295	
1363550	1515274	454385	504803	
20
0	0	1817935	2020077	
10000000	10000000	1817935	2020077	
6061294	6060576	1296320	1440683	
3030647	3366986	1296320	1440683	
1363791	1515143	453712	504239	
21
0	0	1817503	2019382	
10000000	10000000	1817503	2019382	
6061496	6061149	1292746	1436471	
3030748	3367305	1292746	1436471	
1363836	1515287	452461	502764	
22
0	0	1816297	2018051	
10000000	10000000	1816297	2018051	
6060895	6059665	1277881	1422369	
3030447	3366480	1277881	1422369	
1363701	1514916	447258	497829	
23
0	0	1810959	2012745	
10000000	10000000	1810959	2012745	
6061594	6060847	1245953	1387502	
3030797	3367137	1245953	1387502	
1363858	1515211	436083	485625	
24
0	0	1799941	2000836	
10000000	10000000	1799941	2000836	
6060089	6061125	1206181	1343344	
3030044	3367291	1206181	1343344	
1363519	1515280	422163	470170	
25
0	0	1785682	1985450	
10000000	10000000	1785682	1985450	
6060203	6061018	1164803	1298564	
3030101	3367232	1164803	1298564	
1363545	1515254	407681	454497	
26
0	0	1771226	1969751	
10000000	10000000	1771226	1969751	
6060223	6061173	1121428	1250748	
3030111	3367318	1121428	1250748	
1363549	1515293	392499	437761	
27
0	0	1756048	1953054	
10000000	10000000	1756048	1953054	
6061325	6060765	1085883	1208291	
3030662	3367091	1085883	1208291	
1363797	1515190	380059	422901	
28
0	0	1743856	1938091	
10000000	10000000	1743856	1938091	
6060890	6061283	1082679	1203372	
3030445	3367379	1082679	1203372	
1363700	1515320	378937	421180	
29
0	0	1742637	1936500	
10000000	10000000	1742637	1936500	
6060831	6061879	1082464	1202544	
3030415	3367710	1082464	1202544	
1363686	1515469	378862	420890	
