disease ACTIVE
predator ACTIVE
0	0	1	1
10000000
30
0
0	0	1	1	
9	9	1	1	
5	5	1	0	
5	5	1	0	
2	2	0	0	
1
0	0	2	2	
42	30	2	2	
25	18	1	1	
25	18	1	1	
11	8	0	0	
2
0	0	11	8	
113	118	11	8	
68	72	9	8	
68	72	9	8	
30	32	3	2	
3
0	0	33	34	
411	399	33	34	
245	249	23	22	
245	249	23	22	
110	112	8	7	
4
0	0	118	119	
1475	1459	118	119	
888	891	84	84	
888	891	84	84	
399	400	29	29	
5
0	0	428	429	
5417	5340	428	429	
3277	3266	308	310	
3277	3266	308	310	
1474	1469	107	108	
6
0	0	1581	1577	
19834	19788	1581	1577	
12002	11998	1126	1137	
12002	11998	1126	1137	
5400	5399	394	397	
7
0	0	5794	5796	
72129	72676	5794	5796	
43726	44049	4165	4166	
43726	44049	4165	4166	
19676	19822	1457	1458	
8
0	0	21133	21280	
265086	264803	21133	21280	
160610	160387	15095	15161	
160610	160387	15095	15161	
72274	72174	5283	5306	
9
0	0	77557	77480	
966925	967266	77557	77480	
586036	586436	55284	55300	
586036	586436	55284	55300	
263716	263896	19349	19355	
10
0	0	283065	283251	
3536232	3532973	283065	283251	
2143340	2141022	202284	202303	
2143340	2141022	202284	202303	
964503	963459	70799	70806	
11
0	0	1035302	1034265	
10000000	10000000	1035302	1034265	
6060415	6061379	739430	738882	
3030207	3367432	739430	738882	
1363593	1515344	258800	258608	
12
0	0	1622393	1773952	
10000000	10000000	1622393	1773952	
6060321	6060755	1159447	1267282	
3030160	3367086	1159447	1267282	
1363572	1515188	405806	443548	
13
0	0	1769378	1958736	
10000000	10000000	1769378	1958736	
6061938	6059888	1263092	1399124	
3030969	3366604	1263092	1399124	
1363936	1514971	442082	489693	
14
0	0	1806018	2004664	
10000000	10000000	1806018	2004664	
6060455	6060910	1289711	1432424	
3030227	3367172	1289711	1432424	
1363602	1515227	451398	501348	
15
0	0	1815000	2016575	
10000000	10000000	1815000	2016575	
6060668	6060580	1296776	1440329	
3030334	3366988	1296776	1440329	
1363650	1515144	453871	504115	
16
0	0	1817521	2019259	
10000000	10000000	1817521	2019259	
6060253	6061179	1298071	1442348	
3030126	3367321	1298071	1442348	
1363556	1515294	454324	504821	
17
0	0	1817880	2020115	
10000000	10000000	1817880	2020115	
6060292	6060651	1297848	1443546	
3030146	3367028	1297848	1443546	
1363565	1515162	454246	505241	
18
0	0	1817811	2020403	
10000000	10000000	1817811	2020403	
6060459	6060212	1297639	1442741	
3030229	3366784	1297639	1442741	
1363603	1515052	454173	504959	
19
0	0	1817776	2020011	
10000000	10000000	1817776	2020011	
6060559	6060893	1296729	1440757	
3030279	3367162	1296729	1440757	
1363625	1515222	453855	504264	
20
0	0	1817480	2019486	
10000000	10000000	1817480	2019486	
6060729	6060272	1291295	1435160	
3030364	3366817	1291295	1435160	
1363663	1515067	451953	502305	
21
0	0	1815616	2017372	
10000000	10000000	1815616	2017372	
6061041	6060399	1270956	1415136	
3030520	3366888	1270956	1415136	
1363734	1515099	444834	495297	
22
0	0	1808568	2010396	
10000000	10000000	1808568	2010396	
6060034	6062564	1237283	1379148	
3030017	3368091	1237283	1379148	
1363507	1515640	433049	482701	
23
0	0	1796556	1998341	
10000000	10000000	1796556	1998341	
6060575	6061413	1197492	1335576	
3030287	3367451	1197492	1335576	
1363629	1515352	419122	467451	
24
0	0	1782751	1982803	
10000000	10000000	1782751	1982803	
6061322	6062047	1155611	1288596	
3030661	3367803	1155611	1288596	
1363797	1515511	404463	451008	
25
0	0	1768260	1966519	
10000000	10000000	1768260	1966519	
6059970	6060146	1110694	1239568	
3029985	3366747	1110694	1239568	
1363493	1515036	388742	433848	
26
0	0	1752235	1948884	
10000000	10000000	1752235	1948884	
6060573	6059549	1084633	1205907	
3030286	3366416	1084633	1205907	
1363628	1514887	379621	422067	
27
0	0	1743249	1936954	
10000000	10000000	1743249	1936954	
6060482	6061047	1082819	1202306	
3030241	3367248	1082819	1202306	
1363608	1515261	378986	420807	
28
0	0	1742594	1936068	
10000000	10000000	1742594	1936068	
6059649	6058974	1081779	1202565	
3029824	3366096	1081779	1202565	
1363420	1514743	378622	420897	
29
0	0	1742042	1935640	
10000000	10000000	1742042	1935640	
6061314	6060502	1082028	1201775	
3030657	3366945	1082028	1201775	
1363795	1515125	378709	420621	
