disease ACTIVE
predator ACTIVE
0	0	1	1
10000000
30
0
0	0	1	1	
8	19	1	1	
6	11	1	0	
6	11	1	0	
2	4	0	0	
1
0	0	2	4	
38	40	2	4	
22	24	1	2	
22	24	1	2	
9	10	0	0	
2
0	0	9	10	
126	115	9	10	
81	70	5	6	
81	70	5	6	
36	31	1	2	
3
0	0	37	33	
340	324	37	33	
204	203	33	23	
204	203	33	23	
91	91	11	8	
4
0	0	102	99	
1303	1255	102	99	
791	763	70	75	
791	763	70	75	
355	343	24	26	
5
0	0	379	369	
4549	4506	379	369	
2751	2730	273	261	
2751	2730	273	261	
1237	1228	95	91	
6
0	0	1332	1319	
16605	16761	1332	1319	
10079	10112	944	942	
10079	10112	944	942	
4535	4550	330	329	
7
0	0	4865	4879	
61695	61200	4865	4879	
37349	37086	3464	3459	
37349	37086	3464	3459	
16807	16688	1212	1210	
8
0	0	18019	17898	
222647	223393	18019	17898	
134981	135305	12860	12751	
134981	135305	12860	12751	
60741	60887	4501	4462	
9
0	0	65242	65349	
817755	817262	65242	65349	
495650	495416	46548	46780	
495650	495416	46548	46780	
223042	222937	16291	16372	
10
0	0	239333	239309	
2986546	2987443	239333	239309	
1809859	1811389	170986	171000	
1809859	1811389	170986	171000	
814436	815125	59845	59849	
11
0	0	874281	874974	
10000000	10000000	874281	874974	
6061032	6060169	624928	624440	
3030516	3366760	624928	624440	
1363732	1515042	218724	218554	
12
0	0	1582456	1733596	
10000000	10000000	1582456	1733596	
6060596	6061455	1131027	1238352	
3030298	3367475	1131027	1238352	
1363634	1515363	395859	433423	
13
0	0	1759493	1948786	
10000000	10000000	1759493	1948786	
6061317	6059809	1257408	1391501	
3030658	3366560	1257408	1391501	
1363796	1514952	440092	487025	
14
0	0	1803888	2001977	
10000000	10000000	1803888	2001977	
6061230	6060882	1288948	1430197	
3030615	3367156	1288948	1430197	
1363776	1515220	451131	500568	
15
0	0	1814907	2015788	
10000000	10000000	1814907	2015788	
6061589	6060875	1296580	1439825	
3030794	3367152	1296580	1439825	
1363857	1515218	453803	503938	
16
0	0	1817660	2019156	
10000000	10000000	1817660	2019156	
6060905	6059957	1297646	1442542	
3030452	3366642	1297646	1442542	
1363703	1514988	454176	504889	
17
0	0	1817879	2019877	
10000000	10000000	1817879	2019877	
6061052	6061057	1298026	1442505	
3030526	3367253	1298026	1442505	
1363736	1515263	454309	504876	
18
0	0	1818045	2020139	
10000000	10000000	1818045	2020139	
6061437	6059649	1298696	1442970	
3030718	3366471	1298696	1442970	
1363823	1514911	454543	505039	
19
0	0	1818366	2019950	
10000000	10000000	1818366	2019950	
6061075	6060460	1297039	1441187	
3030537	3366922	1297039	1441187	
1363741	1515114	453963	504415	
20
0	0	1817704	2019529	
10000000	10000000	1817704	2019529	
6059652	6061417	1293162	1436856	
3029826	3367453	1293162	1436856	
1363421	1515353	452606	502899	
21
0	0	1816027	2018252	
10000000	10000000	1816027	2018252	
6060892	6061008	1276166	1419875	
3030446	3367226	1276166	1419875	
1363700	1515251	446658	496956	
22
0	0	1810358	2012207	
10000000	10000000	1810358	2012207	
6060158	6061501	1242887	1384789	
3030079	3367500	1242887	1384789	
1363535	1515375	435010	484676	
23
0	0	1798545	2000051	
10000000	10000000	1798545	2000051	
6061258	6060786	1203895	1340941	
3030629	3367103	1203895	1340941	
1363783	1515196	421363	469329	
24
0	0	1785146	1984525	
10000000	10000000	1785146	1984525	
6061719	6061962	1162525	1295102	
3030859	3367756	1162525	1295102	
1363886	1515490	406883	453285	
25
0	0	1770769	1968775	
10000000	10000000	1770769	1968775	
6060121	6061468	1118543	1247324	
3030060	3367482	1118543	1247324	
1363527	1515366	391490	436563	
26
0	0	1755017	1951929	
10000000	10000000	1755017	1951929	
6062164	6061154	1085713	1207096	
3031082	3367307	1085713	1207096	
1363986	1515288	379999	422483	
27
0	0	1743985	1937771	
10000000	10000000	1743985	1937771	
6060507	6061079	1083012	1203359	
3030253	3367266	1083012	1203359	
1363613	1515269	379054	421175	
28
0	0	1742667	1936444	
10000000	10000000	1742667	1936444	
6061154	6060548	1082092	1202377	
3030577	3366971	1082092	1202377	
1363759	1515136	378732	420831	
29
0	0	1742491	1935967	
10000000	10000000	1742491	1935967	
6060592	6062045	1082145	1202450	
3030296	3367802	1082145	1202450	
1363633	1515510	378750	420857	
