disease ACTIVE
predator ACTIVE
0	0	1	1
10000000
30
0
0	0	1	1	
11	12	1	1	
7	7	1	0	
7	7	1	0	
3	3	0	0	
1
0	0	3	3	
12	21	3	3	
6	13	1	3	
6	13	1	3	
2	5	0	1	
2
0	0	2	6	
25	21	2	6	
14	13	2	4	
14	13	2	4	
6	5	0	1	
3
0	0	6	6	
95	85	6	6	
57	52	4	3	
57	52	4	3	
25	23	1	1	
4
0	0	26	24	
313	280	26	24	
193	168	17	18	
193	168	17	18	
86	75	5	6	
5
0	0	91	81	
979	966	91	81	
590	584	63	55	
590	584	63	55	
265	262	22	19	
6
0	0	287	281	
3619	3490	287	281	
2191	2104	207	204	
2191	2104	207	204	
985	946	72	71	
7
0	0	1057	1017	
12968	12994	1057	1017	
7875	7903	746	715	
7875	7903	746	715	
3543	3556	261	250	
8
0	0	3804	3806	
47286	47152	3804	3806	
28714	28573	2735	2704	
28714	28573	2735	2704	
12921	12857	957	946	
9
0	0	13878	13803	
172369	172566	13878	13803	
104397	104548	9933	9865	
104397	104548	9933	9865	
46978	47046	3476	3452	
10
0	0	50454	50498	
632815	632979	50454	50498	
383645	383766	36024	36139	
383645	383766	36024	36139	
172640	172694	12608	12648	
11
0	0	185248	185342	
2310055	2308494	185248	185342	
1399777	1398846	132424	132595	
1399777	1398846	132424	132595	
629899	629480	46348	46408	
12
0	0	676247	675888	
8445680	8443867	676247	675888	
5118037	5117371	483114	482846	
2559018	2842983	483114	482846	
1151558	1279342	169089	168996	
13
0	0	1320647	1448338	
10000000	10000000	1320647	1448338	
6061176	6060480	943827	1034706	
3030588	3366933	943827	1034706	
1363764	1515119	330339	362147	
14
0	0	1694103	1877266	
10000000	10000000	1694103	1877266	
6061044	6061665	1210433	1340907	
3030522	3367591	1210433	1340907	
1363734	1515415	423651	469317	
15
0	0	1787385	1984732	
10000000	10000000	1787385	1984732	
6060196	6061625	1277610	1416973	
3030098	3367569	1277610	1416973	
1363544	1515406	447163	495940	
16
0	0	1810707	2011346	
10000000	10000000	1810707	2011346	
6061390	6059356	1293128	1437246	
3030695	3366308	1293128	1437246	
1363812	1514838	452594	503036	
17
0	0	1816406	2017874	
10000000	10000000	1816406	2017874	
6060476	6059421	1297866	1441051	
3030238	3366345	1297866	1441051	
1363607	1514855	454253	504367	
18
0	0	1817860	2019222	
10000000	10000000	1817860	2019222	
6060292	6060479	1297923	1441910	
3030146	3366932	1297923	1441910	
1363565	1515119	454273	504668	
19
0	0	1817838	2019787	
10000000	10000000	1817838	2019787	
6061253	6060975	1297907	1442228	
3030626	3367208	1297907	1442228	
1363781	1515243	454267	504779	
20
0	0	1818048	2020022	
10000000	10000000	1818048	2020022	
6060597	6059167	1297455	1441779	
3030298	3366203	1297455	1441779	
1363634	1514791	454109	504622	
21
0	0	1817743	2019413	
10000000	10000000	1817743	2019413	
6060030	6060825	1294225	1437745	
3030015	3367125	1294225	1437745	
1363506	1515206	452978	503210	
22
0	0	1816484	2018416	
10000000	10000000	1816484	2018416	
6060497	6059954	1281559	1425715	
3030248	3366641	1281559	1425715	
1363611	1514988	448545	499000	
23
0	0	1812156	2013988	
10000000	10000000	1812156	2013988	
6060849	6061034	1253896	1395314	
3030424	3367241	1253896	1395314	
1363690	1515258	438863	488359	
24
0	0	1802553	2003617	
10000000	10000000	1802553	2003617	
6060906	6060376	1217319	1353932	
3030453	3366875	1217319	1353932	
1363703	1515093	426061	473876	
25
0	0	1789764	1988969	
10000000	10000000	1789764	1988969	
6059745	6059960	1175388	1308901	
3029872	3366644	1175388	1308901	
1363442	1514989	411385	458115	
26
0	0	1774827	1973104	
10000000	10000000	1774827	1973104	
6059723	6060024	1131879	1260946	
3029861	3366680	1131879	1260946	
1363437	1515006	396157	441331	
27
0	0	1759594	1956337	
10000000	10000000	1759594	1956337	
6060925	6060894	1096057	1219415	
3030462	3367163	1096057	1219415	
1363707	1515223	383619	426795	
28
0	0	1747326	1942018	
10000000	10000000	1747326	1942018	
6060879	6060689	1083986	1204375	
3030439	3367049	1083986	1204375	
1363697	1515172	379395	421531	
29
0	0	1743092	1936703	
10000000	10000000	1743092	1936703	
6059679	6059616	1082312	1203128	
3029839	3366453	1082312	1203128	
1363427	1514903	378809	421094	
