disease ACTIVE
predator ACTIVE
0	0	1	1
10000000
30
0
0	0	1	1	
6	10	1	1	
3	5	1	1	
3	5	1	1	
1	2	0	0	
1
0	0	1	2	
6	4	1	2	
4	3	0	2	
4	3	0	2	
1	1	0	0	
2
0	0	1	1	
13	23	1	1	
8	13	1	1	
8	13	1	1	
3	5	0	0	
3
0	0	3	5	
36	24	3	5	
22	13	2	5	
22	13	2	5	
9	5	0	1	
4
0	0	9	6	
60	71	9	6	
35	44	7	6	
35	44	7	6	
15	19	2	2	
5
0	0	17	21	
217	216	17	21	
128	133	12	16	
128	133	12	16	
57	59	4	5	
6
0	0	61	64	
822	819	61	64	
490	503	42	46	
490	503	42	46	
220	226	14	16	
7
0	0	234	242	
2940	2886	234	242	
1761	1748	171	178	
1761	1748	171	178	
792	786	59	62	
8
0	0	851	848	
10496	10569	851	848	
6379	6393	612	585	
6379	6393	612	585	
2870	2876	214	204	
9
0	0	3084	3080	
38195	38562	3084	3080	
23156	23385	2197	2194	
23156	23385	2197	2194	
10420	10523	768	767	
10
0	0	11188	11290	
140356	140663	11188	11290	
85096	85210	8037	8092	
85096	85210	8037	8092	
38293	38344	2812	2832	
11
0	0	41105	41176	
514169	513663	41105	41176	
311601	311376	29355	29500	
311601	311376	29355	29500	
140220	140119	10274	10325	
12
0	0	150494	150444	
1878119	1879838	150494	150444	
1138378	1139496	107591	107574	
1138378	1139496	107591	107574	
512270	512773	37656	37650	
13
0	0	549926	550423	
6864358	6868291	549926	550423	
4160238	4163289	392854	393171	
4160238	4163289	392854	393171	
1872107	1873480	137498	137609	
14
0	0	2009605	2011089	
10000000	10000000	2009605	2011089	
6061198	6060249	1435596	1436922	
3030599	3366805	1435596	1436922	
1363769	1515062	502458	502922	
15
0	0	1866227	2017984	
10000000	10000000	1866227	2017984	
6060798	6060513	1332945	1441197	
3030399	3366951	1332945	1441197	
1363679	1515127	466530	504418	
16
0	0	1830209	2019545	
10000000	10000000	1830209	2019545	
6059699	6059599	1308086	1443156	
3029849	3366443	1308086	1443156	
1363432	1514899	457830	505104	
17
0	0	1821262	2020003	
10000000	10000000	1821262	2020003	
6060989	6062276	1300933	1442889	
3030494	3367931	1300933	1442889	
1363722	1515568	455326	505011	
18
0	0	1819048	2020579	
10000000	10000000	1819048	2020579	
6062440	6059320	1298690	1442978	
3031220	3366288	1298690	1442978	
1364049	1514829	454541	505042	
19
0	0	1818590	2019871	
10000000	10000000	1818590	2019871	
6059204	6060341	1298722	1442499	
3029602	3366856	1298722	1442499	
1363320	1515085	454552	504874	
20
0	0	1817872	2019959	
10000000	10000000	1817872	2019959	
6059886	6060548	1298368	1442309	
3029943	3366971	1298368	1442309	
1363474	1515136	454428	504808	
21
0	0	1817902	2019944	
10000000	10000000	1817902	2019944	
6060326	6060489	1296777	1441624	
3030163	3366938	1296777	1441624	
1363573	1515122	453871	504568	
22
0	0	1817444	2019690	
10000000	10000000	1817444	2019690	
6060517	6060362	1294163	1439269	
3030258	3366867	1294163	1439269	
1363616	1515090	452957	503744	
23
0	0	1816573	2018834	
10000000	10000000	1816573	2018834	
6060784	6060607	1283563	1429043	
3030392	3367003	1283563	1429043	
1363676	1515151	449247	500165	
24
0	0	1812923	2015316	
10000000	10000000	1812923	2015316	
6060806	6060542	1248828	1390445	
3030403	3366967	1248828	1390445	
1363681	1515135	437089	486655	
25
0	0	1800770	2001790	
10000000	10000000	1800770	2001790	
6060668	6060706	1209966	1346640	
3030334	3367058	1209966	1346640	
1363650	1515176	423488	471323	
26
0	0	1787138	1986499	
10000000	10000000	1787138	1986499	
6060002	6060365	1171202	1303003	
3030001	3366869	1171202	1303003	
1363500	1515091	409920	456051	
27
0	0	1773420	1971142	
10000000	10000000	1773420	1971142	
6060586	6061654	1130010	1258477	
3030293	3367585	1130010	1258477	
1363631	1515413	395503	440466	
28
0	0	1759134	1955879	
10000000	10000000	1759134	1955879	
6060067	6059263	1087312	1208427	
3030033	3366257	1087312	1208427	
1363514	1514815	380559	422949	
29
0	0	1744073	1937764	
10000000	10000000	1744073	1937764	
6059511	6060450	1081819	1202666	
3029755	3366916	1081819	1202666	
1363389	1515112	378636	420933	
