disease ACTIVE
predator ACTIVE
0	0	1	1
10000000
30
0
0	0	1	1	
17	21	1	1	
9	13	1	1	
9	13	1	1	
4	5	0	0	
1
0	0	4	5	
72	59	4	5	
43	36	3	5	
43	36	3	5	
19	16	1	1	
2
0	0	20	17	
205	212	20	17	
120	130	14	11	
120	130	14	11	
54	58	4	3	
3
0	0	58	61	
809	743	58	61	
506	445	41	43	
506	445	41	43	
227	200	14	15	
4
0	0	241	215	
2617	2639	241	215	
1578	1595	173	153	
1578	1595	173	153	
710	717	60	53	
5
0	0	770	770	
9419	9445	770	770	
5707	5745	547	549	
5707	5745	547	549	
2568	2585	191	192	
6
0	0	2759	2777	
34466	34318	2759	2777	
20944	20875	1950	1989	
20944	20875	1950	1989	
9424	9393	682	696	
7
0	0	10106	10089	
125911	125728	10106	10089	
76360	76150	7241	7247	
76360	76150	7241	7247	
34362	34267	2534	2536	
8
0	0	36896	36803	
461610	460423	36896	36803	
279923	279015	26301	26272	
279923	279015	26301	26272	
125965	125556	9205	9195	
9
0	0	135170	134751	
1684897	1682959	135170	134751	
1020934	1020644	96585	96156	
1020934	1020644	96585	96156	
459420	459289	33804	33654	
10
0	0	493224	492943	
6156774	6158053	493224	492943	
3731339	3731923	352289	352084	
3731339	3731923	352289	352084	
1679102	1679365	123301	123229	
11
0	0	1802403	1802594	
10000000	10000000	1802403	1802594	
6061189	6061606	1287681	1287086	
3030594	3367558	1287681	1287086	
1363767	1515401	450688	450480	
12
0	0	1814455	1965881	
10000000	10000000	1814455	1965881	
6060399	6059713	1295276	1404139	
3030199	3366507	1295276	1404139	
1363589	1514928	453346	491448	
13
0	0	1816935	2006376	
10000000	10000000	1816935	2006376	
6059857	6061036	1298436	1433583	
3029928	3367242	1298436	1433583	
1363467	1515258	454452	501754	
14
0	0	1817919	2017012	
10000000	10000000	1817919	2017012	
6061740	6061711	1298465	1440501	
3030870	3367617	1298465	1440501	
1363891	1515427	454462	504175	
15
0	0	1818353	2019602	
10000000	10000000	1818353	2019602	
6059528	6059252	1298538	1442885	
3029764	3366251	1298538	1442885	
1363393	1514812	454488	505009	
16
0	0	1817881	2019821	
10000000	10000000	1817881	2019821	
6060813	6061638	1298066	1442497	
3030406	3367576	1298066	1442497	
1363682	1515409	454323	504873	
17
0	0	1818005	2020282	
10000000	10000000	1818005	2020282	
6060713	6060958	1298769	1443135	
3030356	3367198	1298769	1443135	
1363660	1515239	454569	505097	
18
0	0	1818229	2020336	
10000000	10000000	1818229	2020336	
6060289	6061052	1297963	1442269	
3030144	3367251	1297963	1442269	
1363564	1515262	454287	504794	
19
0	0	1817851	2020056	
10000000	10000000	1817851	2020056	
6059997	6060347	1294800	1439301	
3029998	3366859	1294800	1439301	
1363499	1515086	453180	503755	
20
0	0	1816679	2018841	
10000000	10000000	1816679	2018841	
6059912	6060223	1285903	1429423	
3029956	3366790	1285903	1429423	
1363480	1515055	450066	500298	
21
0	0	1813546	2015353	
10000000	10000000	1813546	2015353	
6060053	6060492	1250896	1395146	
3030026	3366940	1250896	1395146	
1363511	1515123	437813	488301	
22
0	0	1801324	2003424	
10000000	10000000	1801324	2003424	
6060994	6060864	1211596	1351465	
3030497	3367146	1211596	1351465	
1363723	1515215	424058	473012	
23
0	0	1787781	1988227	
10000000	10000000	1787781	1988227	
6060306	6059591	1172068	1307305	
3030153	3366439	1172068	1307305	
1363568	1514897	410223	457556	
24
0	0	1773791	1972453	
10000000	10000000	1773791	1972453	
6061398	6061057	1132694	1261577	
3030699	3367253	1132694	1261577	
1363814	1515263	396442	441551	
25
0	0	1760256	1956814	
10000000	10000000	1760256	1956814	
6061065	6061803	1087265	1208325	
3030532	3367668	1087265	1208325	
1363739	1515450	380542	422913	
26
0	0	1744281	1938363	
10000000	10000000	1744281	1938363	
6060980	6060906	1082812	1203007	
3030490	3367170	1082812	1203007	
1363720	1515226	378984	421052	
27
0	0	1742704	1936278	
10000000	10000000	1742704	1936278	
6059891	6060903	1082148	1202584	
3029945	3367168	1082148	1202584	
1363475	1515225	378751	420904	
28
0	0	1742226	1936129	
10000000	10000000	1742226	1936129	
6059162	6060746	1082615	1202485	
3029581	3367081	1082615	1202485	
1363311	1515186	378915	420869	
29
0	0	1742226	1936055	
10000000	10000000	1742226	1936055	
6061482	6060730	1082372	1202261	
3030741	3367072	1082372	1202261	
1363833	1515182	378830	420791	
