disease ACTIVE
predator ACTIVE
0	0	1	1
10000000
30
0
0	0	1	1	
12	18	1	1	
7	12	0	1	
7	12	0	1	
3	5	0	0	
1
0	0	3	5	
58	49	3	5	
35	29	3	4	
35	29	3	4	
15	13	1	1	
2
0	0	16	14	
182	186	16	14	
112	114	11	9	
112	114	11	9	
50	51	3	3	
3
0	0	53	54	
654	697	53	54	
396	422	41	37	
396	422	41	37	
178	189	14	12	
4
0	0	192	201	
2227	2217	192	201	
1349	1351	140	146	
1349	1351	140	146	
607	607	49	51	
5
0	0	656	658	
8099	8021	656	658	
4902	4879	467	472	
4902	4879	467	472	
2205	2195	163	165	
6
0	0	2368	2360	
29026	29179	2368	2360	
17544	17694	1697	1679	
17544	17694	1697	1679	
7894	7962	593	587	
7
0	0	8487	8549	
105729	106265	8487	8549	
64134	64423	6065	6137	
64134	64423	6065	6137	
28860	28990	2122	2147	
8
0	0	30982	31137	
386047	387167	30982	31137	
233921	234961	22114	22305	
233921	234961	22114	22305	
105264	105732	7739	7806	
9
0	0	113003	113538	
1412042	1412983	113003	113538	
856130	856680	80684	81008	
856130	856680	80684	81008	
385258	385506	28239	28352	
10
0	0	413497	413858	
5166344	5167930	413497	413858	
3131039	3132313	295501	295785	
3131039	3132313	295501	295785	
1408967	1409540	103425	103524	
11
0	0	1512392	1513064	
10000000	10000000	1512392	1513064	
6060324	6061160	1080248	1080881	
3030162	3367311	1080248	1080881	
1363572	1515289	378086	378308	
12
0	0	1741658	1893597	
10000000	10000000	1741658	1893597	
6059723	6060240	1243607	1352298	
3029861	3366800	1243607	1352298	
1363437	1515060	435262	473304	
13
0	0	1798699	1988364	
10000000	10000000	1798699	1988364	
6061391	6060119	1284834	1420124	
3030695	3366732	1284834	1420124	
1363812	1515029	449691	497043	
14
0	0	1813503	2012072	
10000000	10000000	1813503	2012072	
6060240	6061100	1295642	1437574	
3030120	3367277	1295642	1437574	
1363554	1515274	453474	503150	
15
0	0	1817028	2018424	
10000000	10000000	1817028	2018424	
6060370	6060466	1298123	1441554	
3030185	3366925	1298123	1441554	
1363583	1515116	454343	504543	
16
0	0	1817926	2019659	
10000000	10000000	1817926	2019659	
6060388	6061108	1298345	1442742	
3030194	3367282	1298345	1442742	
1363587	1515276	454420	504959	
17
0	0	1818007	2020235	
10000000	10000000	1818007	2020235	
6060268	6060530	1298322	1442716	
3030134	3366961	1298322	1442716	
1363560	1515132	454412	504950	
18
0	0	1817972	2020082	
10000000	10000000	1817972	2020082	
6061333	6060839	1297510	1442150	
3030666	3367132	1297510	1442150	
1363799	1515209	454128	504752	
19
0	0	1817927	2019961	
10000000	10000000	1817927	2019961	
6060342	6061192	1296198	1439816	
3030171	3367328	1296198	1439816	
1363576	1515297	453669	503935	
20
0	0	1817245	2019232	
10000000	10000000	1817245	2019232	
6060683	6060905	1287109	1432855	
3030341	3367169	1287109	1432855	
1363653	1515226	450488	501499	
21
0	0	1814141	2016725	
10000000	10000000	1814141	2016725	
6061569	6060467	1258193	1403193	
3030784	3366926	1258193	1403193	
1363852	1515116	440367	491117	
22
0	0	1804219	2006233	
10000000	10000000	1804219	2006233	
6060551	6060206	1220224	1361405	
3030275	3366781	1220224	1361405	
1363623	1515051	427078	476491	
23
0	0	1790701	1991542	
10000000	10000000	1790701	1991542	
6060114	6060225	1179703	1315899	
3030057	3366791	1179703	1315899	
1363525	1515055	412896	460564	
24
0	0	1776421	1975619	
10000000	10000000	1776421	1975619	
6060186	6059928	1138944	1270318	
3030093	3366626	1138944	1270318	
1363541	1514981	398630	444611	
25
0	0	1762171	1959592	
10000000	10000000	1762171	1959592	
6061134	6060989	1090770	1218510	
3030567	3367216	1090770	1218510	
1363755	1515247	381769	426478	
26
0	0	1745524	1941725	
10000000	10000000	1745524	1941725	
6060057	6059708	1083388	1204121	
3030028	3366504	1083388	1204121	
1363512	1514926	379185	421442	
27
0	0	1742697	1936368	
10000000	10000000	1742697	1936368	
6059650	6060358	1082588	1202439	
3029825	3366865	1082588	1202439	
1363421	1515089	378905	420853	
28
0	0	1742326	1935942	
10000000	10000000	1742326	1935942	
6060383	6060707	1082316	1202408	
3030191	3367059	1082316	1202408	
1363585	1515176	378810	420842	
29
0	0	1742395	1936018	
10000000	10000000	1742395	1936018	
6059632	6059580	1082652	1202505	
3029816	3366433	1082652	1202505	
1363417	1514894	378928	420876	
