disease ACTIVE
predator ACTIVE
0	0	1	1
10000000
30
0
0	0	1	1	
12	6	1	1	
8	3	1	0	
8	3	1	0	
3	1	0	0	
1
0	0	3	1	
18	16	3	1	
10	11	2	1	
10	11	2	1	
4	4	0	0	
2
0	0	4	4	
57	61	4	4	
35	36	2	4	
35	36	2	4	
15	16	0	1	
3
0	0	15	17	
180	167	15	17	
105	100	12	11	
105	100	12	11	
47	45	4	3	
4
0	0	51	48	
623	595	51	48	
377	353	42	36	
377	353	42	36	
169	158	14	12	
5
0	0	183	170	
2119	2162	183	170	
1281	1292	135	126	
1281	1292	135	126	
576	581	47	44	
6
0	0	623	625	
7909	8008	623	625	
4790	4879	439	459	
4790	4879	439	459	
2155	2195	153	160	
7
0	0	2308	2355	
28616	28415	2308	2355	
17376	17261	1626	1680	
17376	17261	1626	1680	
7819	7767	569	588	
8
0	0	8388	8355	
105221	105059	8388	8355	
63831	63584	5992	5977	
63831	63584	5992	5977	
28723	28612	2097	2091	
9
0	0	30820	30703	
383066	382752	30820	30703	
232065	231976	21963	21993	
232065	231976	21963	21993	
104429	104389	7687	7697	
10
0	0	112116	112086	
1398652	1399075	112116	112086	
847514	847499	80083	80104	
847514	847499	80083	80104	
381381	381374	28029	28036	
11
0	0	409410	409410	
5112697	5107318	409410	409410	
3099668	3095623	292731	292317	
3099668	3095623	292731	292317	
1394850	1393030	102455	102310	
12
0	0	1497305	1495340	
10000000	10000000	1497305	1495340	
6060883	6061290	1069099	1068468	
3030441	3367383	1069099	1068468	
1363698	1515322	374184	373963	
13
0	0	1737882	1889285	
10000000	10000000	1737882	1889285	
6059823	6061413	1241239	1349485	
3029911	3367451	1241239	1349485	
1363459	1515352	434433	472319	
14
0	0	1797892	1987671	
10000000	10000000	1797892	1987671	
6059392	6060107	1283674	1420306	
3029696	3366726	1283674	1420306	
1363363	1515026	449285	497107	
15
0	0	1812648	2012133	
10000000	10000000	1812648	2012133	
6059929	6060049	1294499	1437421	
3029964	3366693	1294499	1437421	
1363483	1515011	453074	503097	
16
0	0	1816557	2018108	
10000000	10000000	1816557	2018108	
6060979	6061171	1297602	1441765	
3030489	3367317	1297602	1441765	
1363720	1515292	454160	504617	
17
0	0	1817880	2019909	
10000000	10000000	1817880	2019909	
6059975	6060368	1298403	1443271	
3029987	3366871	1298403	1443271	
1363494	1515091	454441	505144	
18
0	0	1817935	2020235	
10000000	10000000	1817935	2020235	
6060154	6059474	1298434	1442491	
3030077	3366374	1298434	1442491	
1363534	1514868	454451	504871	
19
0	0	1817985	2019739	
10000000	10000000	1817985	2019739	
6060539	6059489	1297586	1441721	
3030269	3366382	1297586	1441721	
1363621	1514871	454155	504602	
20
0	0	1817776	2019473	
10000000	10000000	1817776	2019473	
6060382	6060316	1295755	1439999	
3030191	3366842	1295755	1439999	
1363585	1515078	453514	503999	
21
0	0	1817099	2019077	
10000000	10000000	1817099	2019077	
6059845	6061489	1287820	1432762	
3029922	3367493	1287820	1432762	
1363464	1515371	450737	501466	
22
0	0	1814201	2016837	
10000000	10000000	1814201	2016837	
6060960	6060685	1258908	1403668	
3030480	3367047	1258908	1403668	
1363716	1515171	440617	491283	
23
0	0	1804333	2006454	
10000000	10000000	1804333	2006454	
6061667	6060769	1220285	1362220	
3030833	3367093	1220285	1362220	
1363874	1515191	427099	476776	
24
0	0	1790973	1991967	
10000000	10000000	1790973	1991967	
6058850	6062200	1179736	1317087	
3029425	3367888	1179736	1317087	
1363241	1515549	412907	460980	
25
0	0	1776148	1976529	
10000000	10000000	1776148	1976529	
6060098	6059975	1139191	1271981	
3030049	3366652	1139191	1271981	
1363522	1514993	398716	445193	
26
0	0	1762238	1960186	
10000000	10000000	1762238	1960186	
6059841	6061047	1091255	1219189	
3029920	3367248	1091255	1219189	
1363464	1515261	381939	426716	
27
0	0	1745403	1941977	
10000000	10000000	1745403	1941977	
6059499	6060661	1083033	1204240	
3029749	3367033	1083033	1204240	
1363387	1515164	379061	421484	
28
0	0	1742448	1936648	
10000000	10000000	1742448	1936648	
6060441	6059929	1082310	1203368	
3030220	3366627	1082310	1203368	
1363599	1514982	378808	421178	
29
0	0	1742407	1936160	
10000000	10000000	1742407	1936160	
6060359	6060442	1082385	1203004	
3030179	3366912	1082385	1203004	
1363580	1515110	378834	421051	
