disease ACTIVE
predator ACTIVE
0	0	1	1
10000000
30
0
0	0	1	1	
9	12	1	1	
6	8	1	0	
6	8	1	0	
2	3	0	0	
1
0	0	2	3	
24	20	2	3	
14	14	1	2	
14	14	1	2	
6	6	0	0	
2
0	0	6	6	
72	90	6	6	
44	55	4	4	
44	55	4	4	
19	24	1	1	
3
0	0	20	25	
265	258	20	25	
157	153	13	17	
157	153	13	17	
70	68	4	5	
4
0	0	74	73	
853	899	74	73	
520	535	56	54	
520	535	56	54	
234	240	19	18	
5
0	0	253	258	
3201	3240	253	258	
1905	1977	182	183	
1905	1977	182	183	
857	889	63	64	
6
0	0	920	953	
11593	11472	920	953	
7049	6939	645	682	
7049	6939	645	682	
3172	3122	225	238	
7
0	0	3397	3360	
41630	41344	3397	3360	
25227	25005	2437	2401	
25227	25005	2437	2401	
11352	11252	852	840	
8
0	0	12204	12092	
150434	151121	12204	12092	
91169	91506	8695	8610	
91169	91506	8695	8610	
41026	41177	3043	3013	
9
0	0	44069	44190	
550534	550178	44069	44190	
333764	333570	31540	31619	
333764	333570	31540	31619	
150193	150106	11039	11066	
10
0	0	161232	161172	
2010982	2012176	161232	161172	
1219527	1219712	115265	115156	
1219527	1219712	115265	115156	
548787	548870	40342	40304	
11
0	0	589129	589174	
7356164	7361827	589129	589174	
4457875	4461826	420763	421079	
4457875	4461826	420763	421079	
2006043	2007821	147267	147377	
12
0	0	2153310	2155198	
10000000	10000000	2153310	2155198	
6060893	6060104	1538050	1539761	
3030446	3366724	1538050	1539761	
1363700	1515025	538317	538916	
13
0	0	1902017	2053941	
10000000	10000000	1902017	2053941	
6060116	6060429	1357957	1467416	
3030058	3366905	1357957	1467416	
1363526	1515107	475284	513595	
14
0	0	1838810	2028702	
10000000	10000000	1838810	2028702	
6061092	6061681	1313714	1448959	
3030546	3367600	1313714	1448959	
1363745	1515420	459799	507135	
15
0	0	1823544	2022555	
10000000	10000000	1823544	2022555	
6061036	6060929	1302814	1444384	
3030518	3367182	1302814	1444384	
1363733	1515231	455984	505534	
16
0	0	1819717	2020765	
10000000	10000000	1819717	2020765	
6060786	6059990	1300023	1443157	
3030393	3366661	1300023	1443157	
1363676	1514997	455008	505104	
17
0	0	1818684	2020101	
10000000	10000000	1818684	2020101	
6060257	6060865	1299035	1442236	
3030128	3367147	1299035	1442236	
1363557	1515216	454662	504782	
18
0	0	1818219	2019998	
10000000	10000000	1818219	2019998	
6060957	6060311	1298588	1443174	
3030478	3366839	1298588	1443174	
1363715	1515077	454505	505110	
19
0	0	1818220	2020187	
10000000	10000000	1818220	2020187	
6062718	6060357	1297059	1441511	
3031359	3366865	1297059	1441511	
1364111	1515089	453970	504528	
20
0	0	1818081	2019617	
10000000	10000000	1818081	2019617	
6059844	6060983	1294554	1438309	
3029922	3367212	1294554	1438309	
1363464	1515245	453093	503408	
21
0	0	1816557	2018653	
10000000	10000000	1816557	2018653	
6061582	6061756	1283124	1427210	
3030791	3367642	1283124	1427210	
1363855	1515438	449093	499523	
22
0	0	1812948	2014961	
10000000	10000000	1812948	2014961	
6060708	6060967	1248048	1388849	
3030354	3367203	1248048	1388849	
1363659	1515241	436816	486097	
23
0	0	1800475	2001338	
10000000	10000000	1800475	2001338	
6059544	6061079	1208481	1344999	
3029772	3367266	1208481	1344999	
1363397	1515269	422968	470749	
24
0	0	1786365	1986018	
10000000	10000000	1786365	1986018	
6061874	6061003	1168772	1301216	
3030937	3367223	1168772	1301216	
1363921	1515250	409070	455425	
25
0	0	1772991	1970675	
10000000	10000000	1772991	1970675	
6060957	6059913	1128438	1256880	
3030478	3366618	1128438	1256880	
1363715	1514978	394953	439908	
26
0	0	1758668	1954886	
10000000	10000000	1758668	1954886	
6061275	6060607	1086677	1207540	
3030637	3367003	1086677	1207540	
1363786	1515151	380336	422639	
27
0	0	1744122	1937790	
10000000	10000000	1744122	1937790	
6060566	6061149	1082916	1202799	
3030283	3367305	1082916	1202799	
1363627	1515287	379020	420979	
28
0	0	1742647	1936266	
10000000	10000000	1742647	1936266	
6060706	6060851	1082135	1203346	
3030353	3367139	1082135	1203346	
1363658	1515212	378747	421171	
29
0	0	1742405	1936383	
10000000	10000000	1742405	1936383	
6062146	6061792	1082045	1202672	
3031073	3367662	1082045	1202672	
1363982	1515447	378715	420935	
