disease ACTIVE
predator ACTIVE
0	0	1	1
10000000
30
0
0	0	1	1	
20	17	1	1	
11	10	1	0	
11	10	1	0	
4	4	0	0	
1
0	0	4	4	
55	47	4	4	
33	32	3	2	
33	32	3	2	
14	14	1	0	
2
0	0	15	14	
194	160	15	14	
125	99	9	10	
125	99	9	10	
56	44	3	3	
3
0	0	59	47	
536	553	59	47	
317	338	44	33	
317	338	44	33	
142	152	15	11	
4
0	0	157	163	
1943	2006	157	163	
1177	1220	110	119	
1177	1220	110	119	
529	549	38	41	
5
0	0	567	590	
7021	6808	567	590	
4264	4112	408	419	
4264	4112	408	419	
1918	1850	142	146	
6
0	0	2060	1996	
24785	24765	2060	1996	
15025	15017	1472	1419	
15025	15017	1472	1419	
6761	6757	515	496	
7
0	0	7276	7253	
90139	89973	7276	7253	
54768	54547	5158	5180	
54768	54547	5158	5180	
24645	24546	1805	1812	
8
0	0	26450	26358	
328956	328161	26450	26358	
199438	198855	18872	18810	
199438	198855	18872	18810	
89747	89484	6605	6583	
9
0	0	96352	96067	
1198538	1196989	96352	96067	
726561	725719	68753	68485	
726561	725719	68753	68485	
326952	326573	24063	23969	
10
0	0	351015	350542	
4375361	4379181	351015	350542	
2651782	2653568	250581	250347	
2651782	2653568	250581	250347	
1193301	1194105	87703	87621	
11
0	0	1281004	1281726	
10000000	10000000	1281004	1281726	
6060799	6061879	914880	915044	
3030399	3367710	914880	915044	
1363679	1515469	320208	320265	
12
0	0	1683887	1835734	
10000000	10000000	1683887	1835734	
6060404	6059559	1202806	1311124	
3030202	3366421	1202806	1311124	
1363590	1514889	420982	458893	
13
0	0	1784572	1973782	
10000000	10000000	1784572	1973782	
6060354	6059545	1275145	1409633	
3030177	3366413	1275145	1409633	
1363579	1514885	446300	493371	
14
0	0	1809879	2008256	
10000000	10000000	1809879	2008256	
6060320	6060055	1292088	1435821	
3030160	3366697	1292088	1435821	
1363572	1515013	452230	502537	
15
0	0	1815802	2017550	
10000000	10000000	1815802	2017550	
6061347	6061555	1296930	1441173	
3030673	3367530	1296930	1441173	
1363802	1515388	453925	504410	
16
0	0	1817727	2019798	
10000000	10000000	1817727	2019798	
6060408	6059209	1298527	1442679	
3030204	3366227	1298527	1442679	
1363591	1514802	454484	504937	
17
0	0	1818075	2019739	
10000000	10000000	1818075	2019739	
6060810	6060902	1298579	1442157	
3030405	3367167	1298579	1442157	
1363682	1515225	454502	504754	
18
0	0	1818184	2019979	
10000000	10000000	1818184	2019979	
6060816	6061384	1297185	1442609	
3030408	3367435	1297185	1442609	
1363683	1515345	454014	504913	
19
0	0	1817697	2020258	
10000000	10000000	1817697	2020258	
6061864	6059971	1296457	1440285	
3030932	3366650	1296457	1440285	
1363919	1514992	453759	504099	
20
0	0	1817678	2019091	
10000000	10000000	1817678	2019091	
6060652	6061181	1288898	1432568	
3030326	3367322	1288898	1432568	
1363646	1515294	451114	501398	
21
0	0	1814760	2016692	
10000000	10000000	1814760	2016692	
6059461	6060077	1263998	1408535	
3029730	3366709	1263998	1408535	
1363378	1515019	442399	492987	
22
0	0	1805777	2008006	
10000000	10000000	1805777	2008006	
6060182	6059649	1228356	1369419	
3030091	3366471	1228356	1369419	
1363540	1514911	429924	479296	
23
0	0	1793464	1994207	
10000000	10000000	1793464	1994207	
6061002	6060063	1187802	1324861	
3030501	3366701	1187802	1324861	
1363725	1515015	415730	463701	
24
0	0	1779455	1978716	
10000000	10000000	1779455	1978716	
6059998	6061188	1146647	1278794	
3029999	3367326	1146647	1278794	
1363499	1515296	401326	447577	
25
0	0	1764825	1962873	
10000000	10000000	1764825	1962873	
6061700	6061374	1100093	1228617	
3030850	3367430	1100093	1228617	
1363882	1515343	385032	430015	
26
0	0	1748914	1945358	
10000000	10000000	1748914	1945358	
6061128	6060821	1084455	1205036	
3030564	3367122	1084455	1205036	
1363753	1515204	379559	421762	
27
0	0	1743312	1936966	
10000000	10000000	1743312	1936966	
6061319	6062402	1081974	1203275	
3030659	3368001	1081974	1203275	
1363796	1515600	378690	421146	
28
0	0	1742486	1936746	
10000000	10000000	1742486	1936746	
6060455	6059439	1082377	1202831	
3030227	3366355	1082377	1202831	
1363602	1514859	378831	420990	
29
0	0	1742433	1935849	
10000000	10000000	1742433	1935849	
6061084	6061908	1082597	1201996	
3030542	3367726	1082597	1201996	
1363743	1515476	378908	420698	
