disease ACTIVE
predator ACTIVE
0	0	1	1
10000000
30
0
0	0	1	1	
11	6	1	1	
6	4	0	1	
6	4	0	1	
2	1	0	0	
1
0	0	2	1	
10	18	2	1	
5	10	1	1	
5	10	1	1	
2	4	0	0	
2
0	0	2	4	
25	26	2	4	
16	16	2	3	
16	16	2	3	
7	7	0	1	
3
0	0	7	8	
83	100	7	8	
47	58	4	5	
47	58	4	5	
21	26	1	1	
4
0	0	22	27	
240	241	22	27	
143	139	16	18	
143	139	16	18	
64	62	5	6	
5
0	0	69	68	
845	905	69	68	
526	544	50	46	
526	544	50	46	
236	244	17	16	
6
0	0	253	260	
3112	3097	253	260	
1899	1880	179	175	
1899	1880	179	175	
854	846	62	61	
7
0	0	916	907	
11329	11418	916	907	
6899	6896	656	663	
6899	6896	656	663	
3104	3103	229	232	
8
0	0	3333	3335	
41952	41823	3333	3335	
25506	25400	2380	2381	
25506	25400	2380	2381	
11477	11430	833	833	
9
0	0	12310	12263	
152413	152456	12310	12263	
92371	92400	8823	8746	
92371	92400	8823	8746	
41566	41580	3088	3061	
10
0	0	44654	44641	
557874	556188	44654	44641	
338068	337185	31956	31931	
338068	337185	31956	31931	
152130	151733	11184	11175	
11
0	0	163314	162908	
2037111	2034940	163314	162908	
1234316	1233028	116352	116316	
1234316	1233028	116352	116316	
555442	554862	40723	40710	
12
0	0	596165	595572	
7440787	7440349	596165	595572	
4509151	4510915	426105	425680	
4509151	4510915	426105	425680	
2029117	2029911	149136	148988	
13
0	0	2178253	2178899	
10000000	10000000	2178253	2178899	
6059881	6061671	1555161	1556468	
3029940	3367595	1555161	1556468	
1363473	1515417	544306	544763	
14
0	0	1907779	2060180	
10000000	10000000	1907779	2060180	
6060989	6060868	1362680	1471576	
3030494	3367148	1362680	1471576	
1363722	1515216	476937	515051	
15
0	0	1840659	2030267	
10000000	10000000	1840659	2030267	
6061679	6059830	1314708	1450720	
3030839	3366572	1314708	1450720	
1363877	1514957	460147	507751	
16
0	0	1824024	2022708	
10000000	10000000	1824024	2022708	
6060399	6059633	1303087	1445242	
3030199	3366462	1303087	1445242	
1363589	1514907	456080	505834	
17
0	0	1819669	2020741	
10000000	10000000	1819669	2020741	
6061096	6059341	1299953	1442881	
3030548	3366300	1299953	1442881	
1363746	1514835	454983	505008	
18
0	0	1818729	2019843	
10000000	10000000	1818729	2019843	
6061829	6061246	1299713	1442193	
3030914	3367358	1299713	1442193	
1363911	1515311	454899	504767	
19
0	0	1818810	2020078	
10000000	10000000	1818810	2020078	
6061433	6059989	1299405	1442220	
3030716	3366660	1299405	1442220	
1363822	1514997	454791	504776	
20
0	0	1818613	2019773	
10000000	10000000	1818613	2019773	
6060111	6060353	1297956	1441981	
3030055	3366862	1297956	1441981	
1363524	1515087	454284	504693	
21
0	0	1817808	2019780	
10000000	10000000	1817808	2019780	
6060311	6060730	1294082	1438864	
3030155	3367072	1294082	1438864	
1363569	1515182	452928	503602	
22
0	0	1816497	2018784	
10000000	10000000	1816497	2018784	
6060986	6060266	1281807	1427189	
3030493	3366814	1281807	1427189	
1363721	1515066	448632	499516	
23
0	0	1812353	2014582	
10000000	10000000	1812353	2014582	
6061104	6061665	1247399	1387848	
3030552	3367591	1247399	1387848	
1363748	1515415	436589	485746	
24
0	0	1800337	2001161	
10000000	10000000	1800337	2001161	
6061388	6061016	1208609	1345229	
3030694	3367231	1208609	1345229	
1363812	1515253	423013	470830	
25
0	0	1786825	1986083	
10000000	10000000	1786825	1986083	
6060818	6060130	1169399	1301010	
3030409	3366738	1169399	1301010	
1363684	1515032	409289	455353	
26
0	0	1772973	1970385	
10000000	10000000	1772973	1970385	
6060496	6060718	1128440	1256314	
3030248	3367065	1128440	1256314	
1363611	1515179	394954	439709	
27
0	0	1758565	1954888	
10000000	10000000	1758565	1954888	
6061029	6060531	1086822	1207818	
3030514	3366961	1086822	1207818	
1363731	1515132	380387	422736	
28
0	0	1744118	1937868	
10000000	10000000	1744118	1937868	
6061275	6059519	1082081	1203144	
3030637	3366399	1082081	1203144	
1363786	1514879	378728	421100	
29
0	0	1742514	1935979	
10000000	10000000	1742514	1935979	
6061642	6061177	1082197	1202711	
3030821	3367320	1082197	1202711	
1363869	1515294	378768	420948	
