disease ACTIVE
predator ACTIVE
0	0	1	1
10000000
30
0
0	0	1	1	
17	8	1	1	
10	6	0	1	
10	6	0	1	
4	2	0	0	
1
0	0	4	2	
20	22	4	2	
11	14	3	2	
11	14	3	2	
4	6	1	0	
2
0	0	5	6	
83	77	5	6	
54	48	3	4	
54	48	3	4	
24	21	1	1	
3
0	0	25	22	
293	262	25	22	
176	162	18	16	
176	162	18	16	
79	72	6	5	
4
0	0	85	77	
925	936	85	77	
565	551	59	55	
565	551	59	55	
254	247	20	19	
5
0	0	274	266	
3342	3415	274	266	
2022	2086	193	186	
2022	2086	193	186	
909	938	67	65	
6
0	0	976	1003	
12174	12151	976	1003	
7365	7347	710	725	
7365	7347	710	725	
3314	3306	248	253	
7
0	0	3562	3559	
43850	44023	3562	3559	
26547	26660	2515	2546	
26547	26660	2515	2546	
11946	11997	880	891	
8
0	0	12826	12888	
160121	160277	12826	12888	
97183	97076	9150	9189	
97183	97076	9150	9189	
43732	43684	3202	3216	
9
0	0	46934	46900	
584940	585593	46934	46900	
354816	354929	33556	33471	
354816	354929	33556	33471	
159667	159718	11744	11714	
10
0	0	171411	171432	
2139010	2139298	171411	171432	
1296676	1296549	122463	122592	
1296676	1296549	122463	122592	
583504	583447	42862	42907	
11
0	0	626366	626354	
7822762	7830054	626366	626354	
4741237	4745847	447745	447736	
4741237	4745847	447745	447736	
2133556	2135631	156710	156707	
12
0	0	2290266	2292338	
10000000	10000000	2290266	2292338	
6060574	6060876	1635755	1637258	
3030287	3367153	1635755	1637258	
1363629	1515218	572514	573040	
13
0	0	1936143	2088258	
10000000	10000000	1936143	2088258	
6061696	6060754	1382971	1491850	
3030848	3367085	1382971	1491850	
1363881	1515188	484039	522147	
14
0	0	1847920	2037335	
10000000	10000000	1847920	2037335	
6061479	6061111	1319362	1455625	
3030739	3367283	1319362	1455625	
1363832	1515277	461776	509468	
15
0	0	1825608	2024745	
10000000	10000000	1825608	2024745	
6060741	6061769	1303901	1446648	
3030370	3367649	1303901	1446648	
1363666	1515442	456365	506326	
16
0	0	1820031	2021768	
10000000	10000000	1820031	2021768	
6060345	6060417	1299209	1445195	
3030172	3366898	1299209	1445195	
1363577	1515104	454723	505818	
17
0	0	1818300	2020922	
10000000	10000000	1818300	2020922	
6060621	6061679	1298244	1443459	
3030310	3367599	1298244	1443459	
1363639	1515419	454385	505210	
18
0	0	1818024	2020629	
10000000	10000000	1818024	2020629	
6061096	6060907	1298301	1443493	
3030548	3367170	1298301	1443493	
1363746	1515226	454405	505222	
19
0	0	1818151	2020448	
10000000	10000000	1818151	2020448	
6061315	6060587	1297739	1441302	
3030657	3366992	1297739	1441302	
1363795	1515146	454208	504455	
20
0	0	1818003	2019601	
10000000	10000000	1818003	2019601	
6061083	6060361	1294094	1437938	
3030541	3366867	1294094	1437938	
1363743	1515090	452932	503278	
21
0	0	1816675	2018368	
10000000	10000000	1816675	2018368	
6060283	6060788	1282147	1426699	
3030141	3367104	1282147	1426699	
1363563	1515196	448751	499344	
22
0	0	1812314	2014540	
10000000	10000000	1812314	2014540	
6060514	6060835	1246477	1387189	
3030257	3367130	1246477	1387189	
1363615	1515208	436266	485516	
23
0	0	1799881	2000724	
10000000	10000000	1799881	2000724	
6060736	6059982	1207481	1343848	
3030368	3366656	1207481	1343848	
1363665	1514995	422618	470346	
24
0	0	1786283	1985341	
10000000	10000000	1786283	1985341	
6060000	6061565	1167691	1300455	
3030000	3367536	1167691	1300455	
1363500	1515391	408691	455159	
25
0	0	1772191	1970550	
10000000	10000000	1772191	1970550	
6059725	6060271	1126911	1254946	
3029862	3366817	1126911	1254946	
1363437	1515067	394418	439231	
26
0	0	1757855	1954298	
10000000	10000000	1757855	1954298	
6059677	6060842	1086507	1207246	
3029838	3367134	1086507	1207246	
1363427	1515210	380277	422536	
27
0	0	1743704	1937746	
10000000	10000000	1743704	1937746	
6061586	6059769	1082856	1202934	
3030793	3366538	1082856	1202934	
1363856	1514942	378999	421026	
28
0	0	1742855	1935968	
10000000	10000000	1742855	1935968	
6061272	6061040	1082560	1202229	
3030636	3367244	1082560	1202229	
1363786	1515259	378896	420780	
29
0	0	1742682	1936039	
10000000	10000000	1742682	1936039	
6059922	6060546	1082531	1202193	
3029961	3366970	1082531	1202193	
1363482	1515136	378885	420767	
