disease ACTIVE
predator ACTIVE
0	0	1	1
10000000
30
0
0	0	1	1	
13	16	1	1	
7	9	0	1	
7	9	0	1	
3	4	0	0	
1
0	0	3	4	
34	30	3	4	
19	17	2	4	
19	17	2	4	
8	7	0	1	
2
0	0	8	8	
92	86	8	8	
59	53	8	6	
59	53	8	6	
26	23	2	2	
3
0	0	28	25	
361	313	28	25	
214	189	21	20	
214	189	21	20	
96	85	7	7	
4
0	0	103	92	
1106	1094	103	92	
680	666	77	65	
680	666	77	65	
306	299	26	22	
5
0	0	332	321	
3897	3880	332	321	
2356	2350	243	237	
2356	2350	243	237	
1060	1057	85	82	
6
0	0	1145	1139	
14353	14306	1145	1139	
8660	8647	826	812	
8660	8647	826	812	
3897	3891	289	284	
7
0	0	4186	4175	
52322	52365	4186	4175	
31720	31781	2976	2982	
31720	31781	2976	2982	
14274	14301	1041	1043	
8
0	0	15315	15344	
191319	190863	15315	15344	
115876	115733	10946	10935	
115876	115733	10946	10935	
52144	52079	3831	3827	
9
0	0	55975	55906	
696609	697577	55975	55906	
422202	422748	40030	39960	
422202	422748	40030	39960	
189990	190236	14010	13986	
10
0	0	204000	204222	
2548425	2547881	204000	204222	
1544440	1543852	145743	145642	
1544440	1543852	145743	145642	
694998	694733	51010	50974	
11
0	0	746008	745707	
9316007	9312596	746008	745707	
5645164	5643744	532634	532962	
2822582	3135413	532634	532962	
1270161	1410935	186421	186536	
12
0	0	1456582	1597471	
10000000	10000000	1456582	1597471	
6059747	6061149	1039730	1140941	
3029873	3367305	1039730	1140941	
1363442	1515287	363905	399329	
13
0	0	1727347	1914616	
10000000	10000000	1727347	1914616	
6060333	6059288	1233786	1367655	
3030166	3366271	1233786	1367655	
1363574	1514821	431825	478679	
14
0	0	1795399	1993500	
10000000	10000000	1795399	1993500	
6061053	6061229	1282212	1423719	
3030526	3367349	1282212	1423719	
1363736	1515307	448774	498301	
15
0	0	1812510	2013608	
10000000	10000000	1812510	2013608	
6059782	6060055	1294716	1438296	
3029891	3366697	1294716	1438296	
1363450	1515013	453150	503403	
16
0	0	1816600	2018416	
10000000	10000000	1816600	2018416	
6061216	6061074	1296772	1441681	
3030608	3367263	1296772	1441681	
1363773	1515268	453870	504588	
17
0	0	1817643	2019856	
10000000	10000000	1817643	2019856	
6060127	6061617	1298024	1442904	
3030063	3367565	1298024	1442904	
1363528	1515404	454308	505016	
18
0	0	1817836	2020420	
10000000	10000000	1817836	2020420	
6060472	6060252	1298279	1442933	
3030236	3366806	1298279	1442933	
1363606	1515062	454397	505026	
19
0	0	1818003	2020088	
10000000	10000000	1818003	2020088	
6061691	6060816	1297364	1441641	
3030845	3367120	1297364	1441641	
1363880	1515204	454077	504574	
20
0	0	1817957	2019778	
10000000	10000000	1817957	2019778	
6060135	6059935	1293885	1438132	
3030067	3366630	1293885	1438132	
1363530	1514983	452859	503346	
21
0	0	1816389	2018329	
10000000	10000000	1816389	2018329	
6059753	6060698	1279111	1422789	
3029876	3367054	1279111	1422789	
1363444	1515174	447688	497976	
22
0	0	1811132	2013150	
10000000	10000000	1811132	2013150	
6059105	6060794	1248954	1390756	
3029552	3367107	1248954	1390756	
1363298	1515198	437133	486764	
23
0	0	1800431	2001962	
10000000	10000000	1800431	2001962	
6060406	6060533	1210352	1348533	
3030203	3366962	1210352	1348533	
1363591	1515132	423623	471986	
24
0	0	1787214	1987118	
10000000	10000000	1787214	1987118	
6060783	6060412	1170260	1302902	
3030391	3366895	1170260	1302902	
1363675	1515102	409591	456015	
25
0	0	1773266	1971117	
10000000	10000000	1773266	1971117	
6061586	6060770	1126557	1255340	
3030793	3367094	1126557	1255340	
1363856	1515192	394294	439369	
26
0	0	1758150	1954561	
10000000	10000000	1758150	1954561	
6060497	6061622	1091005	1213219	
3030248	3367567	1091005	1213219	
1363611	1515405	381851	424626	
27
0	0	1745462	1940031	
10000000	10000000	1745462	1940031	
6061211	6060115	1083081	1204159	
3030605	3366730	1083081	1204159	
1363772	1515028	379078	421455	
28
0	0	1742850	1936483	
10000000	10000000	1742850	1936483	
6060429	6058967	1082529	1203029	
3030214	3366092	1082529	1203029	
1363596	1514741	378885	421060	
29
0	0	1742481	1935801	
10000000	10000000	1742481	1935801	
6060861	6061195	1082058	1201495	
3030430	3367330	1082058	1201495	
1363693	1515298	378720	420523	
