disease ACTIVE
predator ACTIVE
0	0	1	1
10000000
30
0
0	0	1	1	
6	10	1	1	
3	6	1	0	
3	6	1	0	
1	2	0	0	
1
0	0	1	2	
11	9	1	2	
6	5	1	2	
6	5	1	2	
2	2	0	0	
2
0	0	2	2	
20	20	2	2	
12	11	1	1	
12	11	1	1	
5	4	0	0	
3
0	0	5	4	
38	43	5	4	
25	26	4	4	
25	26	4	4	
11	11	1	1	
4
0	0	12	12	
128	117	12	12	
79	73	9	8	
79	73	9	8	
35	32	3	2	
5
0	0	38	34	
429	454	38	34	
260	274	27	25	
260	274	27	25	
117	123	9	8	
6
0	0	126	131	
1588	1630	126	131	
948	989	96	95	
948	989	96	95	
426	445	33	33	
7
0	0	459	478	
5670	5611	459	478	
3432	3379	327	333	
3432	3379	327	333	
1544	1520	114	116	
8
0	0	1658	1636	
20548	20309	1658	1636	
12458	12253	1184	1165	
12458	12253	1184	1165	
5606	5513	414	407	
9
0	0	6020	5920	
74414	74147	6020	5920	
45074	44905	4312	4223	
45074	44905	4312	4223	
20283	20207	1509	1478	
10
0	0	21792	21685	
270557	270173	21792	21685	
163993	163636	15597	15520	
163993	163636	15597	15520	
73796	73636	5458	5432	
11
0	0	79254	79068	
987156	987649	79254	79068	
598091	598671	56733	56263	
598091	598671	56733	56263	
269140	269401	19856	19692	
12
0	0	288996	289093	
3608870	3608009	288996	289093	
2187049	2186243	206267	206513	
2187049	2186243	206267	206513	
984172	983809	72193	72279	
13
0	0	1056365	1056088	
10000000	10000000	1056365	1056088	
6061031	6061050	754300	753959	
3030515	3367250	754300	753959	
1363731	1515262	264005	263885	
14
0	0	1627736	1779147	
10000000	10000000	1627736	1779147	
6061000	6059571	1162183	1271088	
3030500	3366428	1162183	1271088	
1363725	1514892	406764	444880	
15
0	0	1770489	1959772	
10000000	10000000	1770489	1959772	
6062179	6060909	1263931	1400062	
3031089	3367171	1263931	1400062	
1363990	1515226	442375	490021	
16
0	0	1806365	2005247	
10000000	10000000	1806365	2005247	
6060628	6060181	1290365	1431782	
3030314	3366767	1290365	1431782	
1363641	1515045	451627	501123	
17
0	0	1815268	2016168	
10000000	10000000	1815268	2016168	
6060906	6059200	1296938	1440401	
3030453	3366222	1296938	1440401	
1363703	1514799	453928	504140	
18
0	0	1817631	2018939	
10000000	10000000	1817631	2018939	
6061195	6059205	1298662	1442301	
3030597	3366225	1298662	1442301	
1363768	1514801	454531	504805	
19
0	0	1818299	2019606	
10000000	10000000	1818299	2019606	
6060867	6060315	1299328	1442261	
3030433	3366841	1299328	1442261	
1363694	1515078	454764	504791	
20
0	0	1818458	2019869	
10000000	10000000	1818458	2019869	
6061308	6060575	1298513	1441839	
3030654	3366986	1298513	1441839	
1363794	1515143	454479	504643	
21
0	0	1818273	2019786	
10000000	10000000	1818273	2019786	
6060299	6060814	1296390	1440360	
3030149	3367118	1296390	1440360	
1363567	1515203	453736	504125	
22
0	0	1817303	2019328	
10000000	10000000	1817303	2019328	
6060543	6059772	1290445	1434307	
3030271	3366540	1290445	1434307	
1363621	1514943	451655	502007	
23
0	0	1815276	2016950	
10000000	10000000	1815276	2016950	
6060982	6061050	1271123	1414662	
3030491	3367250	1271123	1414662	
1363720	1515262	444893	495131	
24
0	0	1808613	2010393	
10000000	10000000	1808613	2010393	
6060944	6060415	1237149	1378069	
3030472	3366897	1237149	1378069	
1363712	1515103	433002	482324	
25
0	0	1796714	1997427	
10000000	10000000	1796714	1997427	
6060036	6059595	1196003	1333505	
3030018	3366441	1196003	1333505	
1363508	1514898	418601	466726	
26
0	0	1782109	1981624	
10000000	10000000	1782109	1981624	
6060338	6060792	1155128	1287999	
3030169	3367106	1155128	1287999	
1363576	1515197	404294	450799	
27
0	0	1767870	1965996	
10000000	10000000	1767870	1965996	
6060871	6061311	1109418	1238308	
3030435	3367395	1109418	1238308	
1363695	1515327	388296	433407	
28
0	0	1751991	1948734	
10000000	10000000	1751991	1948734	
6059728	6061532	1084725	1206085	
3029864	3367517	1084725	1206085	
1363438	1515382	379653	422129	
29
0	0	1743091	1937511	
10000000	10000000	1743091	1937511	
6059724	6061226	1081985	1202979	
3029862	3367347	1081985	1202979	
1363437	1515306	378694	421042	
