disease ACTIVE
predator ACTIVE
0	0	1	1
10000000
30
0
0	0	1	1	
17	17	1	1	
10	10	0	1	
10	10	0	1	
4	4	0	0	
1
0	0	4	4	
34	27	4	4	
22	15	4	2	
22	15	4	2	
9	6	1	0	
2
0	0	10	6	
66	66	10	6	
39	40	7	4	
39	40	7	4	
17	18	2	1	
3
0	0	19	19	
229	254	19	19	
134	151	14	13	
134	151	14	13	
60	67	4	4	
4
0	0	64	71	
787	780	64	71	
475	483	43	53	
475	483	43	53	
213	217	15	18	
5
0	0	228	235	
2798	2788	228	235	
1703	1693	161	173	
1703	1693	161	173	
766	761	56	60	
6
0	0	822	821	
10206	10613	822	821	
6221	6410	588	580	
6221	6410	588	580	
2799	2884	205	203	
7
0	0	3004	3087	
37240	37376	3004	3087	
22629	22659	2156	2184	
22629	22659	2156	2184	
10183	10196	754	764	
8
0	0	10937	10960	
136098	136839	10937	10960	
82564	83028	7807	7845	
82564	83028	7807	7845	
37153	37362	2732	2745	
9
0	0	39885	40107	
498615	498028	39885	40107	
302281	301880	28424	28640	
302281	301880	28424	28640	
136026	135846	9948	10024	
10
0	0	145974	145870	
1821009	1821277	145974	145870	
1103805	1104048	104103	104233	
1103805	1104048	104103	104233	
496712	496821	36436	36481	
11
0	0	533148	533302	
6659974	6655619	533148	533302	
4036154	4033707	380904	381121	
4036154	4033707	380904	381121	
1816269	1815168	133316	133392	
12
0	0	1949585	1948560	
10000000	10000000	1949585	1948560	
6060362	6059401	1393285	1391876	
3030181	3366333	1393285	1391876	
1363581	1514849	487649	487156	
13
0	0	1851230	2002005	
10000000	10000000	1851230	2002005	
6060995	6059970	1322691	1429864	
3030497	3366650	1322691	1429864	
1363723	1514992	462941	500452	
14
0	0	1826664	2015444	
10000000	10000000	1826664	2015444	
6062080	6061652	1305770	1438604	
3031040	3367584	1305770	1438604	
1363968	1515412	457019	503511	
15
0	0	1820987	2018923	
10000000	10000000	1820987	2018923	
6060550	6061784	1301219	1442135	
3030275	3367657	1301219	1442135	
1363623	1515445	455426	504747	
16
0	0	1819049	2020192	
10000000	10000000	1819049	2020192	
6062095	6059738	1299135	1443272	
3031047	3366521	1299135	1443272	
1363971	1514934	454697	505145	
17
0	0	1818668	2020079	
10000000	10000000	1818668	2020079	
6061246	6059998	1299397	1442569	
3030623	3366665	1299397	1442569	
1363780	1514999	454788	504899	
18
0	0	1818568	2019898	
10000000	10000000	1818568	2019898	
6060126	6060600	1297325	1442429	
3030063	3367000	1297325	1442429	
1363528	1515150	454063	504850	
19
0	0	1817591	2020000	
10000000	10000000	1817591	2020000	
6060845	6060688	1297297	1442315	
3030422	3367048	1297297	1442315	
1363689	1515171	454053	504810	
20
0	0	1817742	2019981	
10000000	10000000	1817742	2019981	
6061497	6061249	1294612	1438339	
3030748	3367360	1294612	1438339	
1363836	1515312	453114	503418	
21
0	0	1816950	2018730	
10000000	10000000	1816950	2018730	
6060440	6060353	1284510	1428636	
3030220	3366862	1284510	1428636	
1363599	1515087	449578	500022	
22
0	0	1813177	2015109	
10000000	10000000	1813177	2015109	
6059008	6060548	1250154	1391954	
3029504	3366971	1250154	1391954	
1363276	1515136	437553	487183	
23
0	0	1800829	2002319	
10000000	10000000	1800829	2002319	
6061298	6060363	1210561	1347158	
3030649	3366868	1210561	1347158	
1363792	1515090	423696	471505	
24
0	0	1787488	1986595	
10000000	10000000	1787488	1986595	
6061055	6061700	1171592	1303031	
3030527	3367611	1171592	1303031	
1363737	1515424	410057	456060	
25
0	0	1773794	1971484	
10000000	10000000	1773794	1971484	
6060846	6061500	1130587	1259047	
3030423	3367500	1130587	1259047	
1363690	1515375	395705	440666	
26
0	0	1759395	1956041	
10000000	10000000	1759395	1956041	
6060266	6061993	1087051	1208178	
3030133	3367773	1087051	1208178	
1363559	1515497	380467	422862	
27
0	0	1744026	1938359	
10000000	10000000	1744026	1938359	
6060214	6060832	1082542	1203111	
3030107	3367128	1082542	1203111	
1363548	1515207	378889	421088	
28
0	0	1742437	1936295	
10000000	10000000	1742437	1936295	
6060089	6060081	1081843	1203277	
3030044	3366711	1081843	1203277	
1363519	1515019	378645	421146	
29
0	0	1742164	1936165	
10000000	10000000	1742164	1936165	
6061223	6060005	1081946	1202408	
3030611	3366669	1081946	1202408	
1363774	1515001	378681	420842	
