disease ACTIVE
predator ACTIVE
0	0	1	1
10000000
30
0
0	0	1	1	
15	11	1	1	
10	6	1	1	
10	6	1	1	
4	2	0	0	
1
0	0	4	2	
14	29	4	2	
8	16	3	2	
8	16	3	2	
3	7	1	0	
2
0	0	4	7	
69	68	4	7	
40	43	2	5	
40	43	2	5	
18	19	0	1	
3
0	0	18	20	
239	246	18	20	
143	150	12	13	
143	150	12	13	
64	67	4	4	
4
0	0	68	71	
852	834	68	71	
520	517	51	51	
520	517	51	51	
234	232	17	17	
5
0	0	251	249	
3227	3294	251	249	
1972	2009	175	177	
1972	2009	175	177	
887	904	61	61	
6
0	0	948	965	
11671	11893	948	965	
7122	7229	675	686	
7122	7229	675	686	
3204	3253	236	240	
7
0	0	3440	3493	
43025	43026	3440	3493	
26076	26129	2431	2478	
26076	26129	2431	2478	
11734	11758	850	867	
8
0	0	12584	12625	
157329	157210	12584	12625	
95242	95258	8952	8951	
95242	95258	8952	8951	
42858	42866	3133	3132	
9
0	0	45991	45998	
573335	574029	45991	45998	
347313	347784	32799	32834	
347313	347784	32799	32834	
156290	156502	11479	11491	
10
0	0	167769	167993	
2093201	2090375	167769	167993	
1269086	1266821	119844	120077	
1269086	1266821	119844	120077	
571088	570069	41945	42026	
11
0	0	613033	612095	
7648644	7644253	613033	612095	
4635748	4632916	437926	437468	
4635748	4632916	437926	437468	
2086086	2084812	153274	153113	
12
0	0	2239360	2237925	
10000000	10000000	2239360	2237925	
6060514	6059289	1600053	1598333	
3030257	3366271	1600053	1598333	
1363615	1514821	560018	559416	
13
0	0	1923633	2074237	
10000000	10000000	1923633	2074237	
6061394	6060930	1374236	1481660	
3030697	3367183	1374236	1481660	
1363813	1515232	480982	518580	
14
0	0	1844795	2033812	
10000000	10000000	1844795	2033812	
6060158	6060974	1318030	1452389	
3030079	3367207	1318030	1452389	
1363535	1515243	461310	508336	
15
0	0	1824845	2023579	
10000000	10000000	1824845	2023579	
6060042	6060223	1303841	1445935	
3030021	3366790	1303841	1445935	
1363509	1515055	456344	506077	
16
0	0	1819853	2021132	
10000000	10000000	1819853	2021132	
6061260	6059709	1299425	1442844	
3030630	3366505	1299425	1442844	
1363783	1514927	454798	504995	
17
0	0	1818581	2019922	
10000000	10000000	1818581	2019922	
6061359	6060817	1299408	1442189	
3030679	3367120	1299408	1442189	
1363805	1515204	454792	504766	
18
0	0	1818597	2019970	
10000000	10000000	1818597	2019970	
6059384	6060511	1298389	1442833	
3029692	3366950	1298389	1442833	
1363361	1515127	454436	504991	
19
0	0	1817797	2020118	
10000000	10000000	1817797	2020118	
6059948	6059512	1297939	1441545	
3029974	3366395	1297939	1441545	
1363488	1514877	454278	504540	
20
0	0	1817766	2019417	
10000000	10000000	1817766	2019417	
6061025	6059416	1294368	1438109	
3030512	3366342	1294368	1438109	
1363730	1514853	453028	503338	
21
0	0	1816758	2018191	
10000000	10000000	1816758	2018191	
6059970	6060386	1282640	1425681	
3029985	3366881	1282640	1425681	
1363493	1515096	448924	498988	
22
0	0	1812417	2014084	
10000000	10000000	1812417	2014084	
6061394	6060980	1247232	1387210	
3030697	3367211	1247232	1387210	
1363813	1515244	436531	485523	
23
0	0	1800344	2000767	
10000000	10000000	1800344	2000767	
6060591	6061039	1207449	1343475	
3030295	3367243	1207449	1343475	
1363632	1515259	422607	470216	
24
0	0	1786239	1985475	
10000000	10000000	1786239	1985475	
6060406	6061117	1168324	1300824	
3030203	3367287	1168324	1300824	
1363591	1515279	408913	455288	
25
0	0	1772504	1970567	
10000000	10000000	1772504	1970567	
6061364	6059999	1127165	1255405	
3030682	3366666	1127165	1255405	
1363806	1514999	394507	439391	
26
0	0	1758313	1954390	
10000000	10000000	1758313	1954390	
6059122	6060768	1086761	1207296	
3029561	3367093	1086761	1207296	
1363302	1515191	380366	422553	
27
0	0	1743668	1937744	
10000000	10000000	1743668	1937744	
6060231	6060869	1082260	1203300	
3030115	3367149	1082260	1203300	
1363551	1515217	378791	421155	
28
0	0	1742342	1936372	
10000000	10000000	1742342	1936372	
6061595	6060224	1081991	1202549	
3030797	3366791	1081991	1202549	
1363858	1515055	378696	420892	
29
0	0	1742554	1935947	
10000000	10000000	1742554	1935947	
6060797	6061275	1082399	1202666	
3030398	3367375	1082399	1202666	
1363679	1515318	378839	420933	
