disease ACTIVE
predator ACTIVE
0	0	1	1
10000000
30
0
0	0	1	1	
8	8	1	1	
6	5	1	0	
6	5	1	0	
2	2	0	0	
1
0	0	2	2	
20	19	2	2	
12	12	1	2	
12	12	1	2	
5	5	0	0	
2
0	0	5	5	
69	74	5	5	
37	42	5	3	
37	42	5	3	
16	18	1	1	
3
0	0	17	19	
209	224	17	19	
124	138	13	14	
124	138	13	14	
55	62	4	4	
4
0	0	59	66	
828	773	59	66	
496	468	41	46	
496	468	41	46	
223	210	14	16	
5
0	0	237	226	
2791	2774	237	226	
1679	1694	169	170	
1679	1694	169	170	
755	762	59	59	
6
0	0	814	821	
10174	10153	814	821	
6162	6121	587	592	
6162	6121	587	592	
2772	2754	205	207	
7
0	0	2977	2961	
37285	37094	2977	2961	
22617	22474	2115	2104	
22617	22474	2115	2104	
10177	10113	740	736	
8
0	0	10917	10849	
135667	135502	10917	10849	
82158	82088	7804	7749	
82158	82088	7804	7749	
36971	36939	2731	2712	
9
0	0	39702	39651	
495668	496191	39702	39651	
300523	300915	28304	28344	
300523	300915	28304	28344	
135235	135411	9906	9920	
10
0	0	145141	145331	
1812121	1809874	145141	145331	
1098511	1096522	103853	103662	
1098511	1096522	103853	103662	
494329	493434	36348	36281	
11
0	0	530677	529715	
6618243	6618076	530677	529715	
4010872	4010847	378774	378450	
4010872	4010847	378774	378450	
1804892	1804881	132570	132457	
12
0	0	1937462	1937338	
10000000	10000000	1937462	1937338	
6061006	6060999	1383709	1383537	
3030503	3367221	1383709	1383537	
1363726	1515249	484298	484237	
13
0	0	1848024	1999486	
10000000	10000000	1848024	1999486	
6060773	6060125	1320610	1428541	
3030386	3366736	1320610	1428541	
1363673	1515031	462213	499989	
14
0	0	1825886	2015020	
10000000	10000000	1825886	2015020	
6060279	6059944	1304618	1439513	
3030139	3366635	1304618	1439513	
1363562	1514985	456616	503829	
15
0	0	1820178	2018814	
10000000	10000000	1820178	2018814	
6060998	6060891	1299681	1441959	
3030499	3367161	1299681	1441959	
1363724	1515222	454888	504685	
16
0	0	1818612	2019907	
10000000	10000000	1818612	2019907	
6061339	6061198	1299061	1442758	
3030669	3367332	1299061	1442758	
1363801	1515299	454671	504965	
17
0	0	1818472	2020264	
10000000	10000000	1818472	2020264	
6060594	6059813	1298923	1443592	
3030297	3366562	1298923	1443592	
1363633	1514952	454623	505257	
18
0	0	1818256	2020209	
10000000	10000000	1818256	2020209	
6059568	6060280	1298236	1443112	
3029784	3366822	1298236	1443112	
1363402	1515069	454382	505089	
19
0	0	1817784	2020158	
10000000	10000000	1817784	2020158	
6060539	6059944	1297489	1441818	
3030269	3366635	1297489	1441818	
1363621	1514985	454121	504636	
20
0	0	1817742	2019621	
10000000	10000000	1817742	2019621	
6060466	6061413	1294949	1439481	
3030233	3367451	1294949	1439481	
1363604	1515352	453232	503818	
21
0	0	1816836	2019170	
10000000	10000000	1816836	2019170	
6060441	6060678	1284114	1429260	
3030220	3367043	1284114	1429260	
1363599	1515169	449439	500240	
22
0	0	1813038	2015409	
10000000	10000000	1813038	2015409	
6061126	6060077	1250225	1392337	
3030563	3366709	1250225	1392337	
1363753	1515019	437578	487317	
23
0	0	1801331	2002336	
10000000	10000000	1801331	2002336	
6061154	6060813	1210757	1347786	
3030577	3367118	1210757	1347786	
1363759	1515203	423764	471725	
24
0	0	1787523	1986928	
10000000	10000000	1787523	1986928	
6060764	6060342	1171062	1303125	
3030382	3366856	1171062	1303125	
1363671	1515085	409871	456093	
25
0	0	1773542	1971178	
10000000	10000000	1773542	1971178	
6060479	6060299	1130781	1258784	
3030239	3366832	1130781	1258784	
1363607	1515074	395773	440574	
26
0	0	1759380	1955648	
10000000	10000000	1759380	1955648	
6059574	6059582	1087129	1208342	
3029787	3366434	1087129	1208342	
1363404	1514895	380495	422919	
27
0	0	1743899	1937814	
10000000	10000000	1743899	1937814	
6060747	6060216	1082727	1202216	
3030373	3366786	1082727	1202216	
1363667	1515053	378954	420775	
28
0	0	1742621	1935828	
10000000	10000000	1742621	1935828	
6059600	6060410	1082707	1202133	
3029800	3366894	1082707	1202133	
1363410	1515102	378947	420746	
29
0	0	1742357	1935848	
10000000	10000000	1742357	1935848	
6060218	6060734	1082480	1202509	
3030109	3367074	1082480	1202509	
1363549	1515183	378868	420878	
