disease ACTIVE
predator ACTIVE
0	0	1	1
10000000
30
0
0	0	1	1	
12	11	1	1	
6	7	0	1	
6	7	0	1	
2	3	0	0	
1
0	0	2	3	
25	24	2	3	
16	14	1	1	
16	14	1	1	
7	6	0	0	
2
0	0	7	6	
64	75	7	6	
40	46	4	5	
40	46	4	5	
18	20	1	1	
3
0	0	19	21	
234	223	19	21	
133	129	11	13	
133	129	11	13	
59	58	3	4	
4
0	0	62	62	
733	739	62	62	
432	445	45	45	
432	445	45	45	
194	200	15	15	
5
0	0	209	215	
2522	2507	209	215	
1558	1524	145	155	
1558	1524	145	155	
701	685	50	54	
6
0	0	751	739	
9192	9334	751	739	
5563	5669	528	511	
5563	5669	528	511	
2503	2551	184	178	
7
0	0	2687	2729	
33386	33381	2687	2729	
20252	20242	1886	1949	
20252	20242	1886	1949	
9113	9108	660	682	
8
0	0	9773	9790	
122191	121810	9773	9790	
74155	73878	7033	6972	
74155	73878	7033	6972	
33369	33245	2461	2440	
9
0	0	35830	35685	
445203	444457	35830	35685	
269595	269707	25494	25581	
269595	269707	25494	25581	
121317	121368	8922	8953	
10
0	0	130239	130321	
1623568	1624481	130239	130321	
984166	984740	93036	93090	
984166	984740	93036	93090	
442874	443133	32562	32581	
11
0	0	475436	475714	
5932503	5937869	475436	475714	
3594894	3599200	339628	339991	
3594894	3599200	339628	339991	
1617702	1619640	118869	118996	
12
0	0	1736571	1738636	
10000000	10000000	1736571	1738636	
6059794	6061651	1240374	1242010	
3029897	3367583	1240374	1242010	
1363453	1515412	434130	434703	
13
0	0	1797583	1950115	
10000000	10000000	1797583	1950115	
6060261	6060344	1283978	1392047	
3030130	3366857	1283978	1392047	
1363558	1515085	449392	487216	
14
0	0	1812950	2002301	
10000000	10000000	1812950	2002301	
6061033	6059994	1294761	1429895	
3030516	3366663	1294761	1429895	
1363732	1514998	453166	500463	
15
0	0	1816898	2015461	
10000000	10000000	1816898	2015461	
6059959	6059248	1297688	1439534	
3029979	3366248	1297688	1439534	
1363490	1514811	454190	503836	
16
0	0	1817680	2018647	
10000000	10000000	1817680	2018647	
6061441	6061032	1298339	1441667	
3030720	3367240	1298339	1441667	
1363824	1515258	454418	504583	
17
0	0	1818242	2019841	
10000000	10000000	1818242	2019841	
6059152	6060123	1298414	1442973	
3029576	3366735	1298414	1442973	
1363309	1515030	454444	505040	
18
0	0	1817753	2020070	
10000000	10000000	1817753	2020070	
6059845	6060291	1298323	1443315	
3029922	3366828	1298323	1443315	
1363464	1515072	454413	505160	
19
0	0	1817877	2020232	
10000000	10000000	1817877	2020232	
6060741	6060492	1297930	1442152	
3030370	3366940	1297930	1442152	
1363666	1515123	454275	504753	
20
0	0	1817941	2019876	
10000000	10000000	1817941	2019876	
6059714	6058757	1295335	1439369	
3029857	3365976	1295335	1439369	
1363435	1514689	453367	503779	
21
0	0	1816802	2018468	
10000000	10000000	1816802	2018468	
6061267	6060462	1286186	1429831	
3030633	3366923	1286186	1429831	
1363784	1515115	450165	500440	
22
0	0	1813949	2015555	
10000000	10000000	1813949	2015555	
6061529	6061229	1252623	1397763	
3030764	3367349	1252623	1397763	
1363843	1515307	438418	489217	
23
0	0	1802261	2004524	
10000000	10000000	1802261	2004524	
6060500	6059822	1213064	1354008	
3030250	3366567	1213064	1354008	
1363612	1514955	424572	473902	
24
0	0	1788184	1988857	
10000000	10000000	1788184	1988857	
6059550	6059571	1172863	1309225	
3029775	3366428	1172863	1309225	
1363398	1514892	410502	458228	
25
0	0	1773900	1973120	
10000000	10000000	1773900	1973120	
6060554	6061654	1132952	1262654	
3030277	3367585	1132952	1262654	
1363624	1515413	396533	441928	
26
0	0	1760157	1957341	
10000000	10000000	1760157	1957341	
6061441	6059516	1087919	1209685	
3030720	3366397	1087919	1209685	
1363824	1514878	380771	423389	
27
0	0	1744595	1938267	
10000000	10000000	1744595	1938267	
6059529	6059923	1082714	1203156	
3029764	3366623	1082714	1203156	
1363393	1514980	378949	421104	
28
0	0	1742342	1936084	
10000000	10000000	1742342	1936084	
6058735	6059656	1081692	1202027	
3029367	3366475	1081692	1202027	
1363215	1514913	378592	420709	
29
0	0	1741807	1935622	
10000000	10000000	1741807	1935622	
6059855	6060819	1082022	1202225	
3029927	3367121	1082022	1202225	
1363467	1515204	378707	420778	
