disease ACTIVE
predator ACTIVE
0	0	1	1
10000000
30
0
0	0	1	1	
9	7	1	1	
5	4	0	1	
5	4	0	1	
2	1	0	0	
1
0	0	2	1	
14	12	2	1	
11	7	1	1	
11	7	1	1	
4	3	0	0	
2
0	0	4	3	
42	29	4	3	
22	18	3	2	
22	18	3	2	
9	8	1	0	
3
0	0	10	8	
130	120	10	8	
76	72	6	8	
76	72	6	8	
34	32	2	2	
4
0	0	36	34	
401	405	36	34	
245	249	28	25	
245	249	28	25	
110	112	9	8	
5
0	0	119	120	
1472	1473	119	120	
875	899	87	80	
875	899	87	80	
393	404	30	28	
6
0	0	423	432	
5154	5469	423	432	
3107	3334	306	306	
3107	3334	306	306	
1398	1500	107	107	
7
0	0	1505	1607	
18943	18871	1505	1607	
11459	11482	1049	1135	
11459	11482	1049	1135	
5156	5166	367	397	
8
0	0	5523	5563	
69094	69415	5523	5563	
41870	42073	3964	3973	
41870	42073	3964	3973	
18841	18932	1387	1390	
9
0	0	20228	20322	
253237	252276	20228	20322	
153270	152852	14472	14521	
153270	152852	14472	14521	
68971	68783	5065	5082	
10
0	0	74036	73865	
919382	921432	74036	73865	
557112	558712	52921	52711	
557112	558712	52921	52711	
250700	251420	18522	18448	
11
0	0	269222	269868	
3360353	3361676	269222	269868	
2035492	2037914	192246	192998	
2035492	2037914	192246	192998	
915971	917061	67286	67549	
12
0	0	983257	984610	
10000000	10000000	983257	984610	
6059927	6060838	702522	703286	
3029963	3367132	702522	703286	
1363483	1515209	245882	246150	
13
0	0	1609365	1761359	
10000000	10000000	1609365	1761359	
6060685	6059521	1149053	1258243	
3030342	3366400	1149053	1258243	
1363653	1514880	402168	440385	
14
0	0	1765821	1955265	
10000000	10000000	1765821	1955265	
6060236	6059801	1261287	1396634	
3030118	3366556	1261287	1396634	
1363553	1514950	441450	488821	
15
0	0	1805003	2003771	
10000000	10000000	1805003	2003771	
6059995	6061224	1288340	1431563	
3029997	3367346	1288340	1431563	
1363498	1515305	450919	501047	
16
0	0	1814417	2016352	
10000000	10000000	1814417	2016352	
6059576	6061871	1296355	1440099	
3029788	3367706	1296355	1440099	
1363404	1515467	453724	504034	
17
0	0	1817128	2019501	
10000000	10000000	1817128	2019501	
6059775	6061067	1298742	1442895	
3029887	3367259	1298742	1442895	
1363449	1515266	454559	505013	
18
0	0	1818008	2020279	
10000000	10000000	1818008	2020279	
6060916	6060404	1298778	1442769	
3030458	3366891	1298778	1442769	
1363706	1515100	454572	504969	
19
0	0	1818278	2020069	
10000000	10000000	1818278	2020069	
6060516	6061332	1298633	1442402	
3030258	3367406	1298633	1442402	
1363616	1515332	454521	504840	
20
0	0	1818137	2020172	
10000000	10000000	1818137	2020172	
6060630	6060449	1296166	1441157	
3030315	3366916	1296166	1441157	
1363641	1515112	453658	504404	
21
0	0	1817299	2019516	
10000000	10000000	1817299	2019516	
6061008	6060405	1291553	1436135	
3030504	3366891	1291553	1436135	
1363726	1515100	452043	502647	
22
0	0	1815769	2017747	
10000000	10000000	1815769	2017747	
6060482	6061137	1272503	1417306	
3030241	3367298	1272503	1417306	
1363608	1515284	445376	496057	
23
0	0	1808984	2011341	
10000000	10000000	1808984	2011341	
6060980	6060273	1239179	1380933	
3030490	3366818	1239179	1380933	
1363720	1515068	433712	483326	
24
0	0	1797432	1998394	
10000000	10000000	1797432	1998394	
6059299	6059694	1199458	1336231	
3029649	3366496	1199458	1336231	
1363342	1514923	419810	467680	
25
0	0	1783152	1982603	
10000000	10000000	1783152	1982603	
6061045	6060611	1157122	1290089	
3030522	3367006	1157122	1290089	
1363734	1515152	404992	451531	
26
0	0	1768726	1966683	
10000000	10000000	1768726	1966683	
6060050	6060444	1112466	1241314	
3030025	3366913	1112466	1241314	
1363511	1515110	389363	434459	
27
0	0	1752874	1949569	
10000000	10000000	1752874	1949569	
6060672	6061497	1084568	1205592	
3030336	3367498	1084568	1205592	
1363651	1515374	379598	421957	
28
0	0	1743249	1937331	
10000000	10000000	1743249	1937331	
6060078	6062448	1082314	1202414	
3030039	3368026	1082314	1202414	
1363517	1515611	378809	420844	
29
0	0	1742326	1936455	
10000000	10000000	1742326	1936455	
6060263	6061594	1082301	1202484	
3030131	3367552	1082301	1202484	
1363558	1515398	378805	420869	
