disease ACTIVE
predator ACTIVE
0	0	1	1
10000000
30
0
0	0	1	1	
14	14	1	1	
9	9	1	0	
9	9	1	0	
4	4	0	0	
1
0	0	4	4	
21	20	4	4	
11	10	2	2	
11	10	2	2	
4	4	0	0	
2
0	0	4	4	
42	53	4	4	
23	34	3	3	
23	34	3	3	
10	15	1	1	
3
0	0	11	16	
135	153	11	16	
82	93	8	13	
82	93	8	13	
36	41	2	4	
4
0	0	38	45	
504	470	38	45	
306	282	25	33	
306	282	25	33	
137	126	8	11	
5
0	0	145	137	
1618	1590	145	137	
991	967	104	96	
991	967	104	96	
445	435	36	33	
6
0	0	481	468	
5892	5802	481	468	
3587	3539	353	343	
3587	3539	353	343	
1614	1592	123	120	
7
0	0	1737	1712	
21281	21249	1737	1712	
12865	12924	1236	1223	
12865	12924	1236	1223	
5789	5815	432	428	
8
0	0	6221	6243	
77752	77734	6221	6243	
47160	47118	4467	4481	
47160	47118	4467	4481	
21222	21203	1563	1568	
9
0	0	22785	22771	
283537	283103	22785	22771	
171933	171582	16277	16291	
171933	171582	16277	16291	
77369	77211	5696	5701	
10
0	0	83065	82912	
1032982	1033549	83065	82912	
626260	626466	59319	59278	
626260	626466	59319	59278	
281817	281909	20761	20747	
11
0	0	302578	302656	
3782339	3780084	302578	302656	
2292447	2290708	215949	216014	
2292447	2290708	215949	216014	
1031601	1030818	75582	75604	
12
0	0	1107183	1106422	
10000000	10000000	1107183	1106422	
6061719	6060122	790988	790783	
3030859	3366734	790988	790783	
1363886	1515030	276845	276774	
13
0	0	1640731	1791804	
10000000	10000000	1640731	1791804	
6060074	6060767	1171518	1279578	
3030037	3367092	1171518	1279578	
1363516	1515191	410031	447852	
14
0	0	1773547	1963043	
10000000	10000000	1773547	1963043	
6061444	6060674	1266695	1402432	
3030722	3367041	1266695	1402432	
1363824	1515168	443343	490851	
15
0	0	1807167	2006019	
10000000	10000000	1807167	2006019	
6061506	6059163	1291073	1433038	
3030753	3366201	1291073	1433038	
1363838	1514790	451875	501563	
16
0	0	1815713	2016353	
10000000	10000000	1815713	2016353	
6060693	6060972	1297775	1440390	
3030346	3367206	1297775	1440390	
1363655	1515242	454221	504136	
17
0	0	1817876	2019378	
10000000	10000000	1817876	2019378	
6060252	6059852	1298071	1442464	
3030126	3366584	1298071	1442464	
1363556	1514962	454324	504862	
18
0	0	1817880	2019824	
10000000	10000000	1817880	2019824	
6060497	6060429	1298606	1442324	
3030248	3366905	1298606	1442324	
1363611	1515107	454512	504813	
19
0	0	1818123	2019920	
10000000	10000000	1818123	2019920	
6060705	6060234	1297819	1441965	
3030352	3366796	1297819	1441965	
1363658	1515058	454236	504687	
20
0	0	1817894	2019745	
10000000	10000000	1817894	2019745	
6061006	6060307	1296398	1439892	
3030503	3366837	1296398	1439892	
1363726	1515076	453739	503962	
21
0	0	1817465	2019038	
10000000	10000000	1817465	2019038	
6060485	6060678	1291084	1434188	
3030242	3367043	1291084	1434188	
1363608	1515169	451879	501965	
22
0	0	1815487	2017134	
10000000	10000000	1815487	2017134	
6061028	6059668	1268701	1413579	
3030514	3366482	1268701	1413579	
1363731	1514916	444045	494752	
23
0	0	1807776	2009668	
10000000	10000000	1807776	2009668	
6060953	6061486	1234688	1376065	
3030476	3367492	1234688	1376065	
1363714	1515371	432140	481622	
24
0	0	1795854	1996993	
10000000	10000000	1795854	1996993	
6060059	6060337	1194928	1331674	
3030029	3366853	1194928	1331674	
1363513	1515083	418224	466085	
25
0	0	1781737	1981168	
10000000	10000000	1781737	1981168	
6059962	6061794	1152941	1285874	
3029981	3367663	1152941	1285874	
1363491	1515448	403529	450055	
26
0	0	1767020	1965503	
10000000	10000000	1767020	1965503	
6060919	6060817	1107061	1236194	
3030459	3367120	1107061	1236194	
1363706	1515204	387471	432667	
27
0	0	1751177	1947871	
10000000	10000000	1751177	1947871	
6061346	6060539	1085048	1206053	
3030673	3366966	1085048	1206053	
1363802	1515134	379766	422118	
28
0	0	1743568	1937252	
10000000	10000000	1743568	1937252	
6060365	6061044	1082231	1202574	
3030182	3367246	1082231	1202574	
1363581	1515260	378780	420900	
29
0	0	1742361	1936160	
10000000	10000000	1742361	1936160	
6061475	6059585	1082299	1202825	
3030737	3366436	1082299	1202825	
1363831	1514896	378804	420988	
