disease ACTIVE
predator ACTIVE
0	0	1	1
10000000
30
0
0	0	1	1	
12	10	1	1	
7	7	1	1	
7	7	1	1	
3	3	0	0	
1
0	0	3	3	
44	57	3	3	
26	34	3	2	
26	34	3	2	
11	15	1	0	
2
0	0	12	15	
118	123	12	15	
73	77	8	11	
73	77	8	11	
32	34	2	3	
3
0	0	34	37	
493	466	34	37	
302	278	25	27	
302	278	25	27	
135	125	8	9	
4
0	0	143	134	
1855	1806	143	134	
1131	1100	101	91	
1131	1100	101	91	
508	495	35	31	
5
0	0	543	526	
6451	6396	543	526	
3883	3912	383	372	
3883	3912	383	372	
1747	1760	134	130	
6
0	0	1881	1890	
23457	23539	1881	1890	
14216	14302	1337	1342	
14216	14302	1337	1342	
6397	6435	467	469	
7
0	0	6864	6904	
86349	86014	6864	6904	
52317	52098	4913	4922	
52317	52098	4913	4922	
23542	23444	1719	1722	
8
0	0	25261	25166	
314673	315308	25261	25166	
190697	191276	18046	17986	
190697	191276	18046	17986	
85813	86074	6316	6295	
9
0	0	92129	92369	
1149073	1150257	92129	92369	
696180	697217	65723	66102	
696180	697217	65723	66102	
313281	313747	23003	23135	
10
0	0	336284	336882	
4195062	4196500	336284	336882	
2543100	2543101	240332	240739	
2543100	2543101	240332	240739	
1144395	1144395	84116	84258	
11
0	0	1228511	1228653	
10000000	10000000	1228511	1228653	
6062046	6059988	877471	877959	
3031023	3366660	877471	877959	
1363960	1514997	307114	307285	
12
0	0	1671074	1822282	
10000000	10000000	1671074	1822282	
6061192	6059550	1193920	1301105	
3030596	3366416	1193920	1301105	
1363768	1514887	417872	455386	
13
0	0	1781640	1970273	
10000000	10000000	1781640	1970273	
6060139	6059517	1272712	1407848	
3030069	3366398	1272712	1407848	
1363531	1514879	445449	492746	
14
0	0	1808980	2007625	
10000000	10000000	1808980	2007625	
6061335	6059682	1291725	1434050	
3030667	3366490	1291725	1434050	
1363800	1514920	452103	501917	
15
0	0	1815903	2016837	
10000000	10000000	1815903	2016837	
6060067	6060617	1296307	1441345	
3030033	3367009	1296307	1441345	
1363514	1515154	453707	504470	
16
0	0	1817221	2019624	
10000000	10000000	1817221	2019624	
6059684	6060468	1297360	1442798	
3029842	3366926	1297360	1442798	
1363428	1515116	454076	504979	
17
0	0	1817504	2020095	
10000000	10000000	1817504	2020095	
6060008	6059908	1298179	1442138	
3030004	3366615	1298179	1442138	
1363501	1514976	454362	504748	
18
0	0	1817863	2019724	
10000000	10000000	1817863	2019724	
6061443	6060598	1298002	1442833	
3030721	3366998	1298002	1442833	
1363824	1515149	454300	504991	
19
0	0	1818124	2020140	
10000000	10000000	1818124	2020140	
6059834	6060415	1296790	1440187	
3029917	3366897	1296790	1440187	
1363462	1515103	453876	504065	
20
0	0	1817338	2019168	
10000000	10000000	1817338	2019168	
6060353	6060692	1290024	1433554	
3030176	3367051	1290024	1433554	
1363579	1515172	451508	501743	
21
0	0	1815087	2016915	
10000000	10000000	1815087	2016915	
6061441	6062096	1266361	1410656	
3030720	3367831	1266361	1410656	
1363824	1515523	443226	493729	
22
0	0	1807050	2009252	
10000000	10000000	1807050	2009252	
6063190	6061446	1229295	1372140	
3031595	3367470	1229295	1372140	
1364217	1515361	430253	480248	
23
0	0	1794470	1995609	
10000000	10000000	1794470	1995609	
6060406	6061345	1190111	1327376	
3030203	3367413	1190111	1327376	
1363591	1515335	416538	464581	
24
0	0	1780129	1979916	
10000000	10000000	1780129	1979916	
6060623	6060780	1147979	1281428	
3030311	3367100	1147979	1281428	
1363639	1515195	401792	448499	
25
0	0	1765431	1963694	
10000000	10000000	1765431	1963694	
6061288	6061830	1102498	1230746	
3030644	3367683	1102498	1230746	
1363789	1515457	385874	430761	
26
0	0	1749663	1946218	
10000000	10000000	1749663	1946218	
6060738	6060589	1084602	1205320	
3030369	3366993	1084602	1205320	
1363666	1515146	379610	421862	
27
0	0	1743276	1937008	
10000000	10000000	1743276	1937008	
6060384	6061335	1082777	1202304	
3030192	3367408	1082777	1202304	
1363586	1515333	378971	420806	
28
0	0	1742557	1936139	
10000000	10000000	1742557	1936139	
6060509	6061010	1082279	1203072	
3030254	3367227	1082279	1203072	
1363614	1515252	378797	421075	
29
0	0	1742411	1936327	
10000000	10000000	1742411	1936327	
6060595	6060310	1081936	1203099	
3030297	3366838	1081936	1203099	
1363633	1515077	378677	421084	
