disease ACTIVE
predator ACTIVE
0	0	1	1
10000000
30
0
0	0	1	1	
15	17	1	1	
9	11	1	0	
9	11	1	0	
4	4	0	0	
1
0	0	4	4	
61	65	4	4	
38	39	3	2	
38	39	3	2	
17	17	1	0	
2
0	0	18	17	
193	187	18	17	
125	122	15	11	
125	122	15	11	
56	54	5	3	
3
0	0	61	57	
728	701	61	57	
438	425	44	40	
438	425	44	40	
197	191	15	14	
4
0	0	212	205	
2650	2672	212	205	
1588	1619	161	146	
1588	1619	161	146	
714	728	56	51	
5
0	0	770	779	
9682	9526	770	779	
5870	5784	544	560	
5870	5784	544	560	
2641	2602	190	196	
6
0	0	2831	2798	
34973	34902	2831	2798	
21215	21134	2063	2029	
21215	21134	2063	2029	
9546	9510	722	710	
7
0	0	10268	10220	
128261	127847	10268	10220	
77769	77538	7339	7325	
77769	77538	7339	7325	
34996	34892	2568	2563	
8
0	0	37564	37455	
468048	468063	37564	37455	
283698	283765	26883	26877	
283698	283765	26883	26877	
127664	127694	9409	9406	
9
0	0	137073	137100	
1709699	1713991	137073	137100	
1036325	1038731	98071	98062	
1036325	1038731	98071	98062	
466346	467428	34324	34321	
10
0	0	500670	501749	
6251106	6253450	500670	501749	
3789399	3790478	357504	358326	
3789399	3790478	357504	358326	
1705229	1705715	125126	125414	
11
0	0	1830355	1831129	
10000000	10000000	1830355	1831129	
6061179	6059218	1307386	1307336	
3030589	3366232	1307386	1307336	
1363765	1514804	457585	457567	
12
0	0	1821350	1972371	
10000000	10000000	1821350	1972371	
6061713	6059747	1300804	1409415	
3030856	3366526	1300804	1409415	
1363885	1514936	455281	493295	
13
0	0	1819166	2008231	
10000000	10000000	1819166	2008231	
6061175	6060938	1299565	1434113	
3030587	3367187	1299565	1434113	
1363764	1515234	454847	501939	
14
0	0	1818611	2017173	
10000000	10000000	1818611	2017173	
6060867	6060311	1298747	1441116	
3030433	3366839	1298747	1441116	
1363694	1515077	454561	504390	
15
0	0	1818255	2019467	
10000000	10000000	1818255	2019467	
6061256	6060226	1298995	1442338	
3030628	3366792	1298995	1442338	
1363782	1515056	454648	504818	
16
0	0	1818430	2019874	
10000000	10000000	1818430	2019874	
6060817	6059752	1299792	1442235	
3030408	3366528	1299792	1442235	
1363683	1514937	454927	504782	
17
0	0	1818610	2019719	
10000000	10000000	1818610	2019719	
6062035	6061272	1298663	1442430	
3031017	3367373	1298663	1442430	
1363957	1515317	454532	504850	
18
0	0	1818489	2020167	
10000000	10000000	1818489	2020167	
6060840	6061012	1298205	1441735	
3030420	3367228	1298205	1441735	
1363689	1515252	454371	504607	
19
0	0	1818060	2019859	
10000000	10000000	1818060	2019859	
6059159	6061352	1295422	1439484	
3029579	3367417	1295422	1439484	
1363310	1515337	453397	503819	
20
0	0	1816707	2019156	
10000000	10000000	1816707	2019156	
6059843	6060529	1284849	1429355	
3029921	3366960	1284849	1429355	
1363464	1515132	449697	500274	
21
0	0	1813161	2015406	
10000000	10000000	1813161	2015406	
6060979	6060329	1250280	1394326	
3030489	3366849	1250280	1394326	
1363720	1515082	437598	488014	
22
0	0	1801318	2003096	
10000000	10000000	1801318	2003096	
6060036	6059994	1211659	1350296	
3030018	3366663	1211659	1350296	
1363508	1514998	424080	472603	
23
0	0	1787588	1987601	
10000000	10000000	1787588	1987601	
6060415	6060983	1172942	1305595	
3030207	3367212	1172942	1305595	
1363593	1515245	410529	456958	
24
0	0	1774122	1972203	
10000000	10000000	1774122	1972203	
6060395	6059707	1132200	1259750	
3030197	3366503	1132200	1259750	
1363588	1514926	396270	440912	
25
0	0	1759858	1955838	
10000000	10000000	1759858	1955838	
6060152	6060325	1087297	1207920	
3030076	3366847	1087297	1207920	
1363534	1515081	380553	422772	
26
0	0	1744087	1937853	
10000000	10000000	1744087	1937853	
6060786	6059658	1083037	1203239	
3030393	3366476	1083037	1203239	
1363676	1514914	379062	421133	
27
0	0	1742738	1936047	
10000000	10000000	1742738	1936047	
6060277	6059950	1082203	1201886	
3030138	3366638	1082203	1201886	
1363562	1514987	378771	420660	
28
0	0	1742333	1935647	
10000000	10000000	1742333	1935647	
6060312	6060427	1082100	1201937	
3030156	3366903	1082100	1201937	
1363570	1515106	378735	420677	
29
0	0	1742305	1935783	
10000000	10000000	1742305	1935783	
6060251	6061316	1082041	1201939	
3030125	3367397	1082041	1201939	
1363556	1515328	378714	420678	
