disease ACTIVE
predator ACTIVE
0	0	1	1
10000000
30
0
0	0	1	1	
21	18	1	1	
11	11	0	1	
11	11	0	1	
4	4	0	0	
1
0	0	4	4	
52	43	4	4	
29	26	3	3	
29	26	3	3	
13	11	1	1	
2
0	0	14	12	
172	148	14	12	
106	89	10	7	
106	89	10	7	
47	40	3	2	
3
0	0	50	42	
504	543	50	42	
297	313	35	30	
297	313	35	30	
133	140	12	10	
4
0	0	145	150	
1871	1826	145	150	
1138	1114	104	112	
1138	1114	104	112	
512	501	36	39	
5
0	0	548	540	
6747	6802	548	540	
4073	4082	389	389	
4073	4082	389	389	
1832	1836	136	136	
6
0	0	1968	1972	
24419	24376	1968	1972	
14766	14769	1421	1405	
14766	14769	1421	1405	
6644	6646	497	491	
7
0	0	7141	7137	
89618	89971	7141	7137	
54274	54568	5164	5118	
54274	54568	5164	5118	
24423	24555	1807	1791	
8
0	0	26230	26346	
327007	326880	26230	26346	
198159	198104	18697	18795	
198159	198104	18697	18795	
89171	89146	6543	6578	
9
0	0	95714	95724	
1194430	1192422	95714	95724	
723803	722925	68303	68459	
723803	722925	68303	68459	
325711	325316	23906	23960	
10
0	0	349617	349276	
4362882	4364170	349617	349276	
2643668	2644712	249723	249491	
2643668	2644712	249723	249491	
1189650	1190120	87403	87321	
11
0	0	1277053	1277441	
10000000	10000000	1277053	1277441	
6059291	6060559	912100	912068	
3029645	3366977	912100	912068	
1363340	1515139	319235	319223	
12
0	0	1682575	1834362	
10000000	10000000	1682575	1834362	
6061619	6061315	1202246	1310154	
3030809	3367397	1202246	1310154	
1363864	1515328	420786	458553	
13
0	0	1784650	1973881	
10000000	10000000	1784650	1973881	
6061220	6060489	1275126	1409959	
3030610	3366938	1275126	1409959	
1363774	1515122	446294	493485	
14
0	0	1810068	2008607	
10000000	10000000	1810068	2008607	
6059963	6059689	1292648	1435300	
3029981	3366493	1292648	1435300	
1363491	1514921	452426	502354	
15
0	0	1815917	2017275	
10000000	10000000	1815917	2017275	
6060069	6060793	1297281	1441093	
3030034	3367107	1297281	1441093	
1363515	1515198	454048	504382	
16
0	0	1817563	2019580	
10000000	10000000	1817563	2019580	
6059325	6059729	1297767	1442861	
3029662	3366516	1297767	1442861	
1363347	1514932	454218	505001	
17
0	0	1817565	2019933	
10000000	10000000	1817565	2019933	
6060225	6060392	1297834	1443126	
3030112	3366884	1297834	1443126	
1363550	1515097	454241	505094	
18
0	0	1817791	2020191	
10000000	10000000	1817791	2020191	
6060660	6060990	1297828	1442229	
3030330	3367216	1297828	1442229	
1363648	1515247	454239	504780	
19
0	0	1817887	2020027	
10000000	10000000	1817887	2020027	
6060479	6060525	1295638	1440175	
3030239	3366958	1295638	1440175	
1363607	1515131	453473	504061	
20
0	0	1817080	2019192	
10000000	10000000	1817080	2019192	
6061044	6061017	1288842	1433549	
3030522	3367231	1288842	1433549	
1363734	1515253	451094	501742	
21
0	0	1814828	2016995	
10000000	10000000	1814828	2016995	
6062435	6061429	1264879	1409234	
3031217	3367460	1264879	1409234	
1364047	1515357	442707	493231	
22
0	0	1806754	2008588	
10000000	10000000	1806754	2008588	
6062174	6060548	1228820	1369856	
3031087	3366971	1228820	1369856	
1363989	1515136	430087	479449	
23
0	0	1794076	1994585	
10000000	10000000	1794076	1994585	
6060620	6060444	1188114	1325309	
3030310	3366913	1188114	1325309	
1363639	1515110	415839	463858	
24
0	0	1779478	1978968	
10000000	10000000	1779478	1978968	
6060981	6061233	1147109	1278939	
3030490	3367351	1147109	1278939	
1363720	1515307	401488	447628	
25
0	0	1765208	1962935	
10000000	10000000	1765208	1962935	
6060968	6060243	1100504	1228410	
3030484	3366801	1100504	1228410	
1363717	1515060	385176	429943	
26
0	0	1748893	1945003	
10000000	10000000	1748893	1945003	
6059290	6060946	1084017	1204794	
3029645	3367192	1084017	1204794	
1363340	1515236	379405	421677	
27
0	0	1742745	1936913	
10000000	10000000	1742745	1936913	
6060141	6059961	1082382	1202731	
3030070	3366645	1082382	1202731	
1363531	1514990	378833	420955	
28
0	0	1742364	1935945	
10000000	10000000	1742364	1935945	
6060542	6060860	1082319	1201971	
3030271	3367144	1082319	1201971	
1363621	1515214	378811	420689	
29
0	0	1742432	1935903	
10000000	10000000	1742432	1935903	
6061710	6061112	1082295	1202374	
3030855	3367284	1082295	1202374	
1363884	1515277	378803	420830	
