disease ACTIVE
predator ACTIVE
0	0	1	1
10000000
30
0
0	0	1	1	
8	5	1	1	
5	3	1	1	
5	3	1	1	
2	1	0	0	
1
0	0	2	1	
13	11	2	1	
8	6	2	1	
8	6	2	1	
3	2	0	0	
2
0	0	3	2	
31	30	3	2	
17	16	2	1	
17	16	2	1	
7	7	0	0	
3
0	0	7	7	
49	80	7	7	
26	44	6	4	
26	44	6	4	
11	19	2	1	
4
0	0	13	20	
160	170	13	20	
95	101	8	13	
95	101	8	13	
42	45	2	4	
5
0	0	44	49	
553	529	44	49	
348	325	31	35	
348	325	31	35	
156	146	10	12	
6
0	0	166	158	
1870	1872	166	158	
1137	1122	118	108	
1137	1122	118	108	
511	504	41	37	
7
0	0	552	541	
6703	6694	552	541	
4035	4049	391	388	
4035	4049	391	388	
1815	1822	136	135	
8
0	0	1951	1957	
24598	24409	1951	1957	
14844	14769	1393	1423	
14844	14769	1393	1423	
6679	6646	487	498	
9
0	0	7166	7144	
89116	89121	7166	7144	
53937	53979	5059	5090	
53937	53979	5059	5090	
24271	24290	1770	1781	
10
0	0	26041	26071	
325203	326157	26041	26071	
197064	197701	18571	18579	
197064	197701	18571	18579	
88678	88965	6499	6502	
11
0	0	95177	95467	
1186108	1186916	95177	95467	
719294	719519	67955	68245	
719294	719519	67955	68245	
323682	323783	23784	23885	
12
0	0	347466	347668	
4337770	4335458	347466	347668	
2629747	2628102	248280	248154	
2629747	2628102	248280	248154	
1183386	1182645	86898	86853	
13
0	0	1270284	1269498	
10000000	10000000	1270284	1269498	
6060800	6061175	906906	907206	
3030400	3367319	906906	907206	
1363680	1515293	317417	317522	
14
0	0	1681097	1832815	
10000000	10000000	1681097	1832815	
6060973	6061062	1201227	1309127	
3030486	3367256	1201227	1309127	
1363718	1515265	420429	458194	
15
0	0	1784147	1973459	
10000000	10000000	1784147	1973459	
6061231	6060161	1274924	1409082	
3030615	3366756	1274924	1409082	
1363776	1515040	446223	493178	
16
0	0	1809999	2008218	
10000000	10000000	1809999	2008218	
6060452	6062190	1292957	1434472	
3030226	3367883	1292957	1434472	
1363601	1515547	452534	502065	
17
0	0	1816135	2017612	
10000000	10000000	1816135	2017612	
6059824	6059536	1297081	1441834	
3029912	3366408	1297081	1441834	
1363460	1514883	453978	504641	
18
0	0	1817438	2019524	
10000000	10000000	1817438	2019524	
6060502	6060925	1298490	1443115	
3030251	3367180	1298490	1443115	
1363612	1515231	454471	505090	
19
0	0	1818083	2020321	
10000000	10000000	1818083	2020321	
6059522	6060949	1298695	1443332	
3029761	3367193	1298695	1443332	
1363392	1515236	454543	505166	
20
0	0	1817935	2020402	
10000000	10000000	1817935	2020402	
6059751	6060085	1297914	1442446	
3029875	3366713	1297914	1442446	
1363443	1515020	454269	504856	
21
0	0	1817712	2019876	
10000000	10000000	1817712	2019876	
6061179	6061583	1296301	1440162	
3030589	3367546	1296301	1440162	
1363765	1515395	453705	504056	
22
0	0	1817470	2019451	
10000000	10000000	1817470	2019451	
6061781	6061291	1289063	1433431	
3030890	3367383	1289063	1433431	
1363900	1515322	451172	501700	
23
0	0	1815072	2017022	
10000000	10000000	1815072	2017022	
6060601	6059132	1265519	1409175	
3030300	3366184	1265519	1409175	
1363635	1514782	442931	493211	
24
0	0	1806566	2007993	
10000000	10000000	1806566	2007993	
6061460	6061513	1228605	1370196	
3030730	3367507	1228605	1370196	
1363828	1515378	430011	479568	
25
0	0	1793839	1994946	
10000000	10000000	1793839	1994946	
6060881	6060820	1188530	1325360	
3030440	3367122	1188530	1325360	
1363698	1515204	415985	463875	
26
0	0	1779683	1979079	
10000000	10000000	1779683	1979079	
6059799	6061067	1146693	1279720	
3029899	3367259	1146693	1279720	
1363454	1515266	401342	447902	
27
0	0	1764796	1963168	
10000000	10000000	1764796	1963168	
6061037	6059769	1100792	1228951	
3030518	3366538	1100792	1228951	
1363733	1514942	385277	430132	
28
0	0	1749010	1945074	
10000000	10000000	1749010	1945074	
6061298	6061494	1084008	1204845	
3030649	3367496	1084008	1204845	
1363792	1515373	379402	421695	
29
0	0	1743194	1937068	
10000000	10000000	1743194	1937068	
6060956	6061667	1082167	1202789	
3030478	3367592	1082167	1202789	
1363715	1515416	378758	420976	
