disease ACTIVE
predator ACTIVE
0	0	1	1
10000000
30
0
0	0	1	1	
11	9	1	1	
7	6	0	1	
7	6	0	1	
3	2	0	0	
1
0	0	3	2	
32	34	3	2	
19	19	2	1	
19	19	2	1	
8	8	0	0	
2
0	0	8	8	
117	110	8	8	
70	67	5	4	
70	67	5	4	
31	30	1	1	
3
0	0	32	31	
347	356	32	31	
208	212	22	22	
208	212	22	22	
93	95	7	7	
4
0	0	100	102	
1268	1216	100	102	
775	733	72	70	
775	733	72	70	
348	329	25	24	
5
0	0	373	353	
4459	4605	373	353	
2688	2768	267	240	
2688	2768	267	240	
1209	1245	93	84	
6
0	0	1302	1329	
16323	16528	1302	1329	
9923	9987	931	957	
9923	9987	931	957	
4465	4494	325	334	
7
0	0	4790	4828	
60607	60387	4790	4828	
36759	36603	3397	3433	
36759	36603	3397	3433	
16541	16471	1188	1201	
8
0	0	17729	17672	
221356	220680	17729	17672	
134078	133843	12649	12596	
134078	133843	12649	12596	
60335	60229	4427	4408	
9
0	0	64762	64637	
808819	807022	64762	64637	
490092	489404	46244	46071	
490092	489404	46244	46071	
220541	220231	16185	16124	
10
0	0	236726	236355	
2952473	2954238	236726	236355	
1789806	1790086	169012	169064	
1789806	1790086	169012	169064	
805412	805538	59154	59172	
11
0	0	864566	864710	
10000000	10000000	864566	864710	
6060190	6060207	617749	617410	
3030095	3366781	617749	617410	
1363542	1515051	216212	216093	
12
0	0	1579754	1731144	
10000000	10000000	1579754	1731144	
6060390	6060405	1128031	1236332	
3030195	3366891	1128031	1236332	
1363587	1515100	394810	432716	
13
0	0	1758397	1947816	
10000000	10000000	1758397	1947816	
6059397	6061148	1256042	1391707	
3029698	3367304	1256042	1391707	
1363364	1515286	439614	487097	
14
0	0	1802978	2002383	
10000000	10000000	1802978	2002383	
6059520	6060403	1288259	1430949	
3029760	3366890	1288259	1430949	
1363392	1515100	450890	500832	
15
0	0	1814282	2015932	
10000000	10000000	1814282	2015932	
6060713	6061322	1295772	1440183	
3030356	3367401	1295772	1440183	
1363660	1515330	453520	504064	
16
0	0	1817180	2019394	
10000000	10000000	1817180	2019394	
6059490	6060576	1298328	1441468	
3029745	3366986	1298328	1441468	
1363385	1515143	454414	504513	
17
0	0	1817799	2019656	
10000000	10000000	1817799	2019656	
6060469	6060011	1298523	1443012	
3030234	3366672	1298523	1443012	
1363605	1515002	454483	505054	
18
0	0	1818088	2020056	
10000000	10000000	1818088	2020056	
6061354	6059697	1298471	1442307	
3030677	3366498	1298471	1442307	
1363804	1514924	454464	504807	
19
0	0	1818268	2019731	
10000000	10000000	1818268	2019731	
6060738	6060905	1297154	1442145	
3030369	3367169	1297154	1442145	
1363666	1515226	454003	504750	
20
0	0	1817669	2019976	
10000000	10000000	1817669	2019976	
6061102	6060581	1291776	1437082	
3030551	3366989	1291776	1437082	
1363747	1515145	452121	502978	
21
0	0	1815868	2018123	
10000000	10000000	1815868	2018123	
6061485	6061364	1275172	1420317	
3030742	3367424	1275172	1420317	
1363833	1515340	446310	497110	
22
0	0	1810143	2012450	
10000000	10000000	1810143	2012450	
6060654	6059778	1243269	1385185	
3030327	3366543	1243269	1385185	
1363647	1514944	435144	484814	
23
0	0	1798791	1999758	
10000000	10000000	1798791	1999758	
6059252	6060228	1203270	1340395	
3029626	3366793	1203270	1340395	
1363331	1515056	421144	469138	
24
0	0	1784475	1984194	
10000000	10000000	1784475	1984194	
6060635	6060381	1162690	1295547	
3030317	3366878	1162690	1295547	
1363642	1515095	406941	453441	
25
0	0	1770583	1968536	
10000000	10000000	1770583	1968536	
6059732	6060855	1118457	1247090	
3029866	3367141	1118457	1247090	
1363439	1515213	391459	436481	
26
0	0	1754898	1951694	
10000000	10000000	1754898	1951694	
6060919	6060846	1086166	1207742	
3030459	3367136	1086166	1207742	
1363706	1515211	380158	422709	
27
0	0	1743864	1937920	
10000000	10000000	1743864	1937920	
6060625	6061112	1082856	1203001	
3030312	3367284	1082856	1203001	
1363640	1515277	378999	421050	
28
0	0	1742639	1936327	
10000000	10000000	1742639	1936327	
6061168	6060692	1082067	1202931	
3030584	3367051	1082067	1202931	
1363762	1515172	378723	421025	
29
0	0	1742485	1936197	
10000000	10000000	1742485	1936197	
6061475	6060468	1081932	1202498	
3030737	3366926	1081932	1202498	
1363831	1515116	378676	420874	
