disease ACTIVE
predator ACTIVE
0	0	1	1
10000000
30
0
0	0	1	1	
23	20	1	1	
15	10	1	0	
15	10	1	0	
6	4	0	0	
1
0	0	6	4	
57	56	6	4	
35	34	4	2	
35	34	4	2	
15	15	1	0	
2
0	0	16	15	
185	220	16	15	
117	132	12	12	
117	132	12	12	
52	59	4	4	
3
0	0	56	63	
683	676	56	63	
431	413	37	43	
431	413	37	43	
193	185	12	15	
4
0	0	205	200	
2339	2527	205	200	
1400	1544	150	136	
1400	1544	150	136	
630	694	52	47	
5
0	0	682	741	
8192	8458	682	741	
4940	5169	475	534	
4940	5169	475	534	
2223	2326	166	186	
6
0	0	2389	2512	
29797	29754	2389	2512	
18013	18062	1711	1805	
18013	18062	1711	1805	
8105	8127	598	631	
7
0	0	8703	8758	
109310	108694	8703	8758	
66249	65920	6165	6232	
66249	65920	6165	6232	
29812	29664	2157	2181	
8
0	0	31969	31845	
397220	396281	31969	31845	
240998	240318	22790	22722	
240998	240318	22790	22722	
108449	108143	7976	7952	
9
0	0	116425	116095	
1448829	1448708	116425	116095	
878359	878039	83041	83008	
878359	878039	83041	83008	
395261	395117	29064	29052	
10
0	0	424325	424169	
5295608	5300797	424325	424169	
3209093	3212261	303003	303014	
3209093	3212261	303003	303014	
1444091	1445517	106051	106054	
11
0	0	1550142	1551571	
10000000	10000000	1550142	1551571	
6060133	6059239	1107145	1107772	
3030066	3366243	1107145	1107772	
1363529	1514809	387500	387720	
12
0	0	1751029	1902529	
10000000	10000000	1751029	1902529	
6060178	6059356	1250928	1359193	
3030089	3366308	1250928	1359193	
1363540	1514838	437824	475717	
13
0	0	1801364	1990555	
10000000	10000000	1801364	1990555	
6060776	6060670	1286708	1421870	
3030388	3367038	1286708	1421870	
1363674	1515167	450347	497654	
14
0	0	1814021	2012821	
10000000	10000000	1814021	2012821	
6061164	6060786	1295792	1438158	
3030582	3367103	1295792	1438158	
1363761	1515196	453527	503355	
15
0	0	1817288	2018551	
10000000	10000000	1817288	2018551	
6061058	6059855	1297495	1441880	
3030529	3366586	1297495	1441880	
1363738	1514963	454123	504657	
16
0	0	1817861	2019620	
10000000	10000000	1817861	2019620	
6061239	6060222	1298083	1442135	
3030619	3366790	1298083	1442135	
1363778	1515055	454329	504747	
17
0	0	1818107	2019802	
10000000	10000000	1818107	2019802	
6061327	6059979	1298481	1442461	
3030663	3366655	1298481	1442461	
1363798	1514994	454468	504861	
18
0	0	1818266	2019855	
10000000	10000000	1818266	2019855	
6060982	6061719	1297729	1442642	
3030491	3367621	1297729	1442642	
1363720	1515429	454205	504924	
19
0	0	1817925	2020353	
10000000	10000000	1817925	2020353	
6060502	6060651	1295732	1440066	
3030251	3367028	1295732	1440066	
1363612	1515162	453506	504023	
20
0	0	1817118	2019185	
10000000	10000000	1817118	2019185	
6060376	6060429	1286558	1431876	
3030188	3366905	1286558	1431876	
1363584	1515107	450295	501156	
21
0	0	1813879	2016263	
10000000	10000000	1813879	2016263	
6061419	6060371	1257138	1402167	
3030709	3366872	1257138	1402167	
1363819	1515092	439998	490758	
22
0	0	1803817	2005850	
10000000	10000000	1803817	2005850	
6060931	6059617	1218483	1359963	
3030465	3366453	1218483	1359963	
1363709	1514903	426469	475987	
23
0	0	1790178	1990890	
10000000	10000000	1790178	1990890	
6061822	6061235	1178450	1315183	
3030911	3367352	1178450	1315183	
1363909	1515308	412457	460314	
24
0	0	1776366	1975622	
10000000	10000000	1776366	1975622	
6061502	6060499	1137020	1269760	
3030751	3366943	1137020	1269760	
1363837	1515124	397957	444416	
25
0	0	1761794	1959540	
10000000	10000000	1761794	1959540	
6060449	6059953	1089234	1217425	
3030224	3366640	1089234	1217425	
1363600	1514988	381231	426098	
26
0	0	1744831	1941086	
10000000	10000000	1744831	1941086	
6058962	6060794	1083158	1203373	
3029481	3367107	1083158	1203373	
1363266	1515198	379105	421180	
27
0	0	1742371	1936378	
10000000	10000000	1742371	1936378	
6061915	6061355	1082245	1202200	
3030957	3367419	1082245	1202200	
1363930	1515338	378785	420770	
28
0	0	1742715	1936108	
10000000	10000000	1742715	1936108	
6059932	6059738	1082597	1201942	
3029966	3366521	1082597	1201942	
1363484	1514934	378908	420679	
29
0	0	1742392	1935613	
10000000	10000000	1742392	1935613	
6060056	6059889	1082012	1202658	
3030028	3366605	1082012	1202658	
1363512	1514972	378704	420930	
