disease ACTIVE
predator ACTIVE
0	0	1	1
10000000
30
0
0	0	1	1	
14	17	1	1	
10	10	1	0	
10	10	1	0	
4	4	0	0	
1
0	0	4	4	
46	41	4	4	
27	24	4	3	
27	24	4	3	
12	10	1	1	
2
0	0	13	11	
143	153	13	11	
87	88	9	8	
87	88	9	8	
39	39	3	2	
3
0	0	42	41	
569	554	42	41	
337	340	31	30	
337	340	31	30	
151	153	10	10	
4
0	0	161	163	
2039	2131	161	163	
1234	1297	112	120	
1234	1297	112	120	
555	583	39	42	
5
0	0	594	625	
7503	7537	594	625	
4551	4535	418	452	
4551	4535	418	452	
2047	2040	146	158	
6
0	0	2193	2198	
27055	26969	2193	2198	
16362	16282	1566	1587	
16362	16282	1566	1587	
7362	7326	548	555	
7
0	0	7910	7881	
98946	98518	7910	7881	
60050	59697	5639	5652	
60050	59697	5639	5652	
27022	26863	1973	1978	
8
0	0	28995	28841	
360449	360897	28995	28841	
218328	218674	20717	20625	
218328	218674	20717	20625	
98247	98403	7250	7218	
9
0	0	105497	105621	
1315998	1314734	105497	105621	
797646	796918	75438	75441	
797646	796918	75438	75441	
358940	358613	26403	26404	
10
0	0	385343	385017	
4805789	4808989	385343	385017	
2912702	2915022	275236	274817	
2912702	2915022	275236	274817	
1310715	1311759	96332	96185	
11
0	0	1407047	1407944	
10000000	10000000	1407047	1407944	
6059532	6061300	1005449	1005398	
3029766	3367388	1005449	1005398	
1363394	1515324	351907	351889	
12
0	0	1715301	1867213	
10000000	10000000	1715301	1867213	
6061279	6060766	1225329	1333169	
3030639	3367092	1225329	1333169	
1363787	1515191	428865	466609	
13
0	0	1792652	1981800	
10000000	10000000	1792652	1981800	
6060039	6060260	1280420	1414827	
3030019	3366811	1280420	1414827	
1363508	1515064	448147	495189	
14
0	0	1811655	2010253	
10000000	10000000	1811655	2010253	
6060214	6061292	1294257	1435963	
3030107	3367384	1294257	1435963	
1363548	1515322	452989	502587	
15
0	0	1816537	2017909	
10000000	10000000	1816537	2017909	
6060386	6061381	1298031	1441118	
3030193	3367433	1298031	1441118	
1363586	1515344	454310	504391	
16
0	0	1817896	2019735	
10000000	10000000	1817896	2019735	
6060632	6060505	1298624	1442447	
3030316	3366947	1298624	1442447	
1363642	1515126	454518	504856	
17
0	0	1818160	2019982	
10000000	10000000	1818160	2019982	
6060297	6060087	1298981	1442232	
3030148	3366715	1298981	1442232	
1363566	1515021	454643	504781	
18
0	0	1818209	2019802	
10000000	10000000	1818209	2019802	
6059210	6061053	1298527	1441524	
3029605	3367251	1298527	1441524	
1363322	1515262	454484	504533	
19
0	0	1817806	2019795	
10000000	10000000	1817806	2019795	
6061607	6059440	1295995	1440227	
3030803	3366355	1295995	1440227	
1363861	1514859	453598	504079	
20
0	0	1817459	2018938	
10000000	10000000	1817459	2018938	
6060032	6059807	1288203	1433030	
3030016	3366559	1288203	1433030	
1363507	1514951	450871	501560	
21
0	0	1814378	2016511	
10000000	10000000	1814378	2016511	
6061059	6060860	1261442	1405340	
3030529	3367144	1261442	1405340	
1363738	1515214	441504	491868	
22
0	0	1805242	2007082	
10000000	10000000	1805242	2007082	
6060750	6061535	1224346	1365831	
3030375	3367519	1224346	1365831	
1363668	1515383	428521	478040	
23
0	0	1792189	1993423	
10000000	10000000	1792189	1993423	
6061630	6060382	1183022	1320551	
3030815	3366878	1183022	1320551	
1363866	1515095	414057	462192	
24
0	0	1777923	1977287	
10000000	10000000	1777923	1977287	
6060882	6060652	1142341	1274831	
3030441	3367028	1142341	1274831	
1363698	1515162	399819	446190	
25
0	0	1763517	1961352	
10000000	10000000	1763517	1961352	
6060141	6060264	1095263	1223580	
3030070	3366813	1095263	1223580	
1363531	1515065	383342	428253	
26
0	0	1746873	1943318	
10000000	10000000	1746873	1943318	
6060194	6060759	1083244	1204354	
3030097	3367088	1083244	1204354	
1363543	1515189	379135	421523	
27
0	0	1742678	1936712	
10000000	10000000	1742678	1936712	
6060555	6059840	1082161	1202751	
3030277	3366577	1082161	1202751	
1363624	1514959	378756	420962	
28
0	0	1742380	1935921	
10000000	10000000	1742380	1935921	
6061475	6060047	1082095	1202394	
3030737	3366692	1082095	1202394	
1363831	1515011	378733	420837	
29
0	0	1742564	1935848	
10000000	10000000	1742564	1935848	
6061054	6059137	1082190	1202015	
3030527	3366187	1082190	1202015	
1363737	1514784	378766	420705	
