disease ACTIVE
predator ACTIVE
0	0	1	1
10000000
30
0
0	0	1	1	
8	15	1	1	
4	9	1	0	
4	9	1	0	
1	4	0	0	
1
0	0	1	4	
15	11	1	4	
12	6	1	3	
12	6	1	3	
5	2	0	1	
2
0	0	5	3	
36	29	5	3	
22	17	3	2	
22	17	3	2	
9	7	1	0	
3
0	0	10	7	
110	108	10	7	
65	70	6	5	
65	70	6	5	
29	31	2	1	
4
0	0	31	32	
348	412	31	32	
213	252	19	23	
213	252	19	23	
95	113	6	8	
5
0	0	101	121	
1344	1378	101	121	
823	828	66	92	
823	828	66	92	
370	372	23	32	
6
0	0	393	404	
4881	4923	393	404	
2929	2979	274	291	
2929	2979	274	291	
1318	1340	95	101	
7
0	0	1413	1441	
17580	17640	1413	1441	
10638	10699	1024	1021	
10638	10699	1024	1021	
4787	4814	358	357	
8
0	0	5145	5171	
63821	64118	5145	5171	
38700	38895	3652	3702	
38700	38895	3652	3702	
17415	17502	1278	1295	
9
0	0	18693	18797	
233340	232928	18693	18797	
141300	141003	13370	13437	
141300	141003	13370	13437	
63585	63451	4679	4702	
10
0	0	68264	68153	
850978	850338	68264	68153	
515732	515519	48727	48587	
515732	515519	48727	48587	
232079	231983	17054	17005	
11
0	0	249133	248988	
3106955	3107683	249133	248988	
1883578	1882634	178083	177812	
1883578	1882634	178083	177812	
847610	847185	62329	62234	
12
0	0	909939	909419	
10000000	10000000	909939	909419	
6062383	6059928	649241	649682	
3031191	3366626	649241	649682	
1364035	1514981	227234	227388	
13
0	0	1591269	1742369	
10000000	10000000	1591269	1742369	
6060450	6062552	1136441	1243661	
3030225	3368084	1136441	1243661	
1363601	1515637	397754	435281	
14
0	0	1761355	1950918	
10000000	10000000	1761355	1950918	
6060459	6060005	1258128	1393497	
3030229	3366669	1258128	1393497	
1363603	1515001	440344	487723	
15
0	0	1803947	2002724	
10000000	10000000	1803947	2002724	
6061104	6061061	1288485	1430576	
3030552	3367256	1288485	1430576	
1363748	1515265	450969	500701	
16
0	0	1814717	2015966	
10000000	10000000	1814717	2015966	
6060140	6059042	1296325	1439969	
3030070	3366134	1296325	1439969	
1363531	1514760	453713	503989	
17
0	0	1817244	2018749	
10000000	10000000	1817244	2018749	
6061323	6060863	1298056	1442574	
3030661	3367146	1298056	1442574	
1363797	1515215	454319	504900	
18
0	0	1818116	2020115	
10000000	10000000	1818116	2020115	
6061083	6060218	1298099	1441997	
3030541	3366787	1298099	1441997	
1363743	1515054	454334	504698	
19
0	0	1818077	2019752	
10000000	10000000	1818077	2019752	
6061664	6060214	1297679	1442079	
3030832	3366785	1297679	1442079	
1363874	1515053	454187	504727	
20
0	0	1818061	2019780	
10000000	10000000	1818061	2019780	
6060048	6059750	1297637	1440639	
3030024	3366527	1297637	1440639	
1363510	1514937	454172	504223	
21
0	0	1817682	2019160	
10000000	10000000	1817682	2019160	
6061197	6061062	1292404	1436017	
3030598	3367256	1292404	1436017	
1363769	1515265	452341	502605	
22
0	0	1816110	2017870	
10000000	10000000	1816110	2017870	
6060826	6060398	1275207	1419308	
3030413	3366887	1275207	1419308	
1363685	1515099	446322	496757	
23
0	0	1810007	2011856	
10000000	10000000	1810007	2011856	
6058720	6060070	1242249	1383353	
3029360	3366705	1242249	1383353	
1363212	1515017	434787	484173	
24
0	0	1797999	1999190	
10000000	10000000	1797999	1999190	
6060704	6061349	1202648	1339021	
3030352	3367416	1202648	1339021	
1363658	1515337	420926	468657	
25
0	0	1784584	1983994	
10000000	10000000	1784584	1983994	
6060596	6061795	1160979	1294070	
3030298	3367663	1160979	1294070	
1363634	1515448	406342	452924	
26
0	0	1769976	1968372	
10000000	10000000	1769976	1968372	
6060308	6060908	1116056	1244770	
3030154	3367171	1116056	1244770	
1363569	1515226	390619	435669	
27
0	0	1754188	1950895	
10000000	10000000	1754188	1950895	
6062317	6060006	1085313	1206977	
3031158	3366670	1085313	1206977	
1364021	1515001	379859	422441	
28
0	0	1743880	1937442	
10000000	10000000	1743880	1937442	
6060859	6060416	1083328	1202664	
3030429	3366897	1083328	1202664	
1363693	1515103	379164	420932	
29
0	0	1742857	1936035	
10000000	10000000	1742857	1936035	
6059734	6061049	1082797	1202308	
3029867	3367249	1082797	1202308	
1363440	1515262	378978	420807	
